        1741         137
        1742         110
        1743         141
        1744          90
        1745         149
        1746         130
        1747         140
        1748         157
        1749         139
        1750         140
        1751         135
        1752          92
        1753         157
        1754         136
        1755         147
        1756         143
        1757         137
        1758         133
        1759         145
        1760         144
        1761         134
        1762         133
        1763         145
        1764         124
        1765         140
        1766         145
        1767         132
        1768         137
        1769          96
        1770         127
        1771         140
        1772         156
        1773         161
        1774         134
        1775         128
        1776         152
        1777         125
        1778         133
        1779         147
        1780         129
        1781         142
        1782         127
        1783         139
        1784         144
        1785         142
        1786         134
        1787         130
        1788         141
        1789         146
        1790         131
        1791         142
        1792         129
        1793         130
        1794         151
        1795         141
        1796         132
        1797         128
        1798         123
        1799         161
        1800         134
        1801         135
        1802         141
        1803         131
        1804          98
        1805         145
        1806         115
        1807         146
        1808         139
        1809         123
        1810         138
        1811         128
        1812          90
        1813         154
        1814         127
        1815         148
        1816         101
        1817         140
        1818         139
        1819         119
        1820         101
        1821         145
        1822         144
        1823         150
        1824         138
        1825         109
        1826         118
        1827         131
        1828         125
        1829         152
        1830         140
        1831         114
        1832         142
        1833         105
        1834         103
        1835         138
        1836         135
        1837         129
        1838         110
        1839         141
        1840         135
        1841         150
        1842         156
        1843         130
        1844         135
        1845         138
        1846         150
        1847         140
        1848         118
        1849         104
        1850         156
        1851         116
        1852         123
        1853         148
        1854         144
        1855         132
        1856         147
        1857         136
        1858         105
        1859         141
        1860         142
        1861         143
        1862         123
        1863         144
        1864         139
        1865         137
        1866         146
        1867         131
        1868         133
        1869         144
        1870         143
        1871         149
        1872         137
        1873         112
        1874         108
        1875          55
        1876         136
        1877         140
        1878         140
        1879         148
        1880         149
        1881         133
        1882         117
        1883         138
        1884          64
        1885         130
        1886         136
        1887         118
        1888         137
        1889         126
        1890         120
        1891         124
        1892         140
        1893         139
        1894         124
        1895         124
        1896         133
        1897         131
        1898         142
        1899         144
        1900         117
        1901         138
        1902         155
        1903         128
        1904         110
        1905         133
        1906         142
        1907         121
        1908         134
        1909         136
        1910         130
        1911         115
        1912         133
        1913         131
        1914         118
        1915         125
        1916         120
        1917         156
        1918         131
        1919         127
        1920         137
        1921         141
        1922         106
        1923         113
        1924         144
        1925         135
        1926         135
        1927         149
        1928         137
        1929         144
        1930         105
        1931         128
        1932         119
        1933         138
        1934         131
        1935         147
        1936         147
        1937         132
        1938         137
        1939         122
        1940         107
        1941          93
        1942         155
        1943         144
        1944         134
        1945         138
        1946         132
        1947         137
        1948         132
        1949         136
        1950         103
        1951         139
        1952         140
        1953         132
        1954         125
        1955          70
        1956         141
        1957         134
        1958         136
        1959         104
        1960         137
        1961         137
        1962         111
        1963         126
        1964         131
        1965         135
        1966         125
        1967         122
        1968          95
        1969          96
        1970         114
        1971         136
        1972         120
        1973         104
        1974         112
        1975         121
        1976         134
        1977         137
        1978         108
        1979         132
        1980         134
        1981         113
        1982          83
        1983         127
        1984          92
        1985         136
        1986         128
        1987         135
        1988         123
        1989         128
        1990         124
        1991         131
        1992         115
        1993         138
        1994         132
        1995         131
        1996         126
        1997          92
        1998         127
        1999         132
        2000         130
        2001         119
        2002         127
        2003         127
        2004         130
        2005         122
        2006         135
        2007         124
        2008         113
        2009         115
        2010         117
        2011         135
        2012         109
        2013         121
        2014         128
        2015         132
        2016         144
        2017         124
        2018         105
        2019         108
        2020         128
        2021         144
        2022         115
        2023         131
        2024         138
        2025         115
        2026         125
        2027         107
        2028         118
        2029         132
        2030         123
        2031         135
        2032         146
        2033         117
        2034         151
        2035         110
        2036         125
        2037          98
        2038         128
        2039         132
        2040          70
        2041         112
        2042          99
        2043         129
        2044         128
        2045         130
        2046         130
        2047         126
        2048         121
        2049         120
        2050         100
        2051         134
        2052         133
        2053         110
        2054         128
        2055         114
        2056         131
        2057         136
        2058         112
        2059         103
        2060         138
        2061         132
        2062         121
        2063         122
        2064         133
        2065         104
        2066         130
        2067          99
        2068         143
        2069         133
        2070         142
        2071         128
        2072         127
        2073         121
        2074         122
        2075         115
        2076         111
        2077         118
        2078         128
        2079         128
        2080         118
        2081         126
        2082         140
        2083         125
        2084         130
        2085         135
        2086         138
        2087         127
        2088         133
        2089         122
        2090         128
        2091         120
        2092         107
        2093         127
        2094         110
        2095         135
        2096         114
        2097         130
        2098         109
        2099         129
        2100          99
        2101         101
        2102         117
        2103         125
        2104         112
        2105         108
        2106         125
        2107         118
        2108          92
        2109         111
        2110         124
        2111         138
        2112         130
        2113         124
        2114         103
        2115         132
        2116         132
        2117         129
        2118         115
        2119         142
        2120         129
        2121         112
        2122         131
        2123         130
        2124         109
        2125         131
        2126         113
        2127         119
        2128         126
        2129         101
        2130         116
        2131         114
        2132         140
        2133         126
        2134          65
        2135         107
        2136          49
        2137         113
        2138          98
        2139         108
        2140         119
        2141         121
        2142          93
        2143         115
        2144         122
        2145         129
        2146         135
        2147         109
        2148         144
        2149         112
        2150         137
        2151         108
        2152         126
        2153         129
        2154         129
        2155         124
        2156         101
        2157         139
        2158         117
        2159         151
        2160         126
        2161         124
        2162         115
        2163         122
        2164         138
        2165         124
        2166         128
        2167         117
        2168         135
        2169         103
        2170         104
        2171         123
        2172         122
        2173         125
        2174         132
        2175         125
        2176         134
        2177         123
        2178         139
        2179         105
        2180         127
        2181         113
        2182         123
        2183         128
        2184         116
        2185          97
        2186         125
        2187         104
        2188         150
        2189         121
        2190         126
        2191         105
        2192         125
        2193          74
        2194         134
        2195         120
        2196         124
        2197         120
        2198         115
        2199         121
        2200          88
        2201         114
        2202         108
        2203         119
        2204         126
        2205         110
        2206         144
        2207         115
        2208          89
        2209         113
        2210         131
        2211         120
        2212         124
        2213         104
        2214         107
        2215         114
        2216         121
        2217         142
        2218         116
        2219         109
        2220         120
        2221         122
        2222         114
        2223         116
        2224         119
        2225         118
        2226         116
        2227         125
        2228         119
        2229         118
        2230         113
        2231         117
        2232         142
        2233         114
        2234         114
        2235         119
        2236         109
        2237          84
        2238         118
        2239          77
        2240         102
        2241         128
        2242          95
        2243         107
        2244         136
        2245         127
        2246         116
        2247         122
        2248         128
        2249         121
        2250          92
        2251         134
        2252         118
        2253         111
        2254         121
        2255         107
        2256          87
        2257         119
        2258         119
        2259         129
        2260         115
        2261         123
        2262         122
        2263         129
        2264         111
        2265         111
        2266          81
        2267         123
        2268          99
        2269         108
        2270         116
        2271         117
        2272         113
        2273         123
        2274         123
        2275         101
        2276         119
        2277         117
        2278         103
        2279         129
        2280         109
        2281          83
        2282         126
        2283         116
        2284         114
        2285         121
        2286         119
        2287          73
        2288         118
        2289         103
        2290         130
        2291          85
        2292         100
        2293         113
        2294         111
        2295         129
        2296         120
        2297         101
        2298          87
        2299         122
        2300         118
        2301          95
        2302          84
        2303         106
        2304         114
        2305         116
        2306         104
        2307         110
        2308         111
        2309         115
        2310         123
        2311         123
        2312         108
        2313         103
        2314         102
        2315         114
        2316         124
        2317         112
        2318         110
        2319          78
        2320         127
        1053         175
        1054         182
        1055         173
        1056         150
        1057         167
        1058         185
        1059         173
        1060         182
        1061         175
        1062         182
        1063         161
        1064         138
        1065         190
        1066         170
        1067         169
        1068         179
        1069         172
        1070         138
        1071         181
        1072         168
        1073         184
        1074         158
        1075         189
        1076         170
        1077         182
        1078         172
        1079         163
        1080         168
        1081         160
        1082         191
        1083         172
        1084         172
        1085         165
        1086         184
        1087         168
        1088         177
        1089         173
        1090         135
        1091         159
        1092         123
        1093         176
        1094         149
        1095         183
        1096         163
        1097         171
        1098         170
        1099         177
        1100         139
        1101         186
        1102         177
        1103         171
        1104         171
        1105         144
        1106         180
        1107         185
        1108         193
        1109         155
        1110         167
        1111         173
        1112         149
        1113         162
        1114         169
        1115         166
        1116         184
        1117         181
        1118         158
        1119         187
        1120         185
        1121         160
        1122         184
        1123         159
        1124         181
        1125         164
        1126         186
        1127         160
        1128         146
        1129         184
        1130         178
        1131         180
        1132         156
        1133         186
        1134         187
        1135         168
        1136         162
        1137         171
        1138         171
        1139         179
        1140         160
        1141         158
        1142         143
        1143         176
        1144         148
        1145         171
        1146         169
        1147         164
        1148         176
        1149         163
        1150         162
        1151         180
        1152         164
        1153         148
        1154          83
        1155         122
        1156         179
        1157         147
        1158         175
        1159         127
        1160         175
        1161         178
        1162         179
        1163         174
        1164         181
        1165         164
        1166         173
        1167         174
        1168         117
        1169         175
        1170         153
        1171         175
        1172         180
        1173         177
        1174         166
        1175         168
        1176         106
        1177         188
        1178         164
        1179         134
        1180         180
        1181          93
        1182         176
        1183         171
        1184         166
        1185         163
        1186         178
        1187         160
        1188         148
        1189         166
        1190         178
        1191         166
        1192         175
        1193         176
        1194         167
        1195         164
        1196         163
        1197         160
        1198         182
        1199         179
        1200         178
        1201         163
        1202         151
        1203         127
        1204         159
        1205         177
        1206         186
        1207         152
        1208         159
        1209         173
        1210         107
        1211         169
        1212         169
        1213         182
        1214         171
        1215         159
        1216         166
        1217         165
        1218         140
        1219         153
        1220         153
        1221         170
        1222         166
        1223         133
        1224         174
        1225         166
        1226         169
        1227         168
        1228         168
        1229         167
        1230         169
        1231         171
        1232         118
        1233         176
        1234         174
        1235         181
        1236         156
        1237         171
        1238         168
        1239         169
        1240          83
        1241         171
        1242         165
        1243         144
        1244         166
        1245         167
        1246         157
        1247         140
        1248         113
        1249         182
        1250         163
        1251         132
        1252         158
        1253         141
        1254         165
        1255         184
        1256         151
        1257         182
        1258         163
        1259         155
        1260         172
        1261         161
        1262         166
        1263         172
        1264         165
        1265         140
        1266         167
        1267         174
        1268         171
        1269         173
        1270         166
        1271         184
        1272         166
        1273         160
        1274         165
        1275         174
        1276         150
        1277         182
        1278         161
        1279         148
        1280         169
        1281         138
        1282         131
        1283         167
        1284         163
        1285         168
        1286         157
        1287         154
        1288         159
        1289         175
        1290         167
        1291         150
        1292         178
        1293         167
        1294         163
        1295         166
        1296         156
        1297         154
        1298         158
        1299         152
        1300         175
        1301         157
        1302         173
        1303         177
        1304         169
        1305         126
        1306         159
        1307         163
        1308         168
        1309         155
        1310         157
        1311         171
        1312         128
        1313         168
        1314         169
        1315         160
        1316         169
        1317         166
        1318         172
        1319         148
        1320         166
        1321         170
        1322         166
        1323         151
        1324         178
        1325         150
        1326         161
        1327         131
        1328         128
        1329         161
        1330         162
        1331         157
        1332         164
        1333         113
        1334         129
        1335         135
        1336         142
        1337         171
        1338         154
        1339         163
        1340         153
        1341         172
        1342         113
        1343         139
        1344         168
        1345         137
        1346         123
        1347         159
        1348         138
        1349         150
        1350         171
        1351         168
        1352         160
        1353         140
        1354         155
        1355         152
        1356         169
        1357         164
        1358         171
        1359         165
        1360         161
        1361         171
        1362         134
        1363         116
        1364         169
        1365         176
        1366         135
        1367         122
        1368         164
        1369         157
        1370         165
        1371         159
        1372         167
        1373         151
        1374         145
        1375         115
        1376         166
        1377         134
        1378         170
        1379         166
        1380         140
        1381         110
        1382         177
        1383         169
        1384         149
        1385         161
        1386         134
        1387         141
        1388         144
        1389         151
        1390         128
        1391         155
        1392         159
        1393         162
        1394         169
        1395         149
        1396         161
        1397         146
        1398         142
        1399         154
        1400         106
        1401         160
        1402         155
        1403         152
        1404         147
        1405         141
        1406         119
        1407         159
        1408         156
        1409         158
        1410         151
        1411         174
        1412         155
        1413         163
        1414         144
        1415         156
        1416         157
        1417         167
        1418         160
        1419         153
        1420         161
        1421         134
        1422         156
        1423         159
        1424         166
        1425         141
        1426         157
        1427         161
        1428         161
        1429         158
        1430         152
        1431         169
        1432         163
        1433         156
