        3481          52
        3482          55
        3483          57
        3484          57
        3485          65
        3486          52
        3487          62
        3488          64
        3489          62
        3490          50
        3491          60
        3492          48
        3493          60
        3494          60
        3495          41
        3496          52
        3497          52
        3498          59
        3499          62
        3500          65
        3501          45
        3502          53
        3503          61
        3504          53
        3505          52
        3506          68
        3507          56
        3508          40
        3509          43
        3510          42
        3511          55
        3512          50
        3513          54
        3514          57
        3515          38
        3516          58
        3517          56
        3518          54
        3519          45
        3520          45
        3521          65
        3522          57
        3523          47
        3524          62
        3525          35
        3526          55
        3527          54
        3528          62
        3529          46
        3530          52
        3531          70
        3532          51
        3533          62
        3534          63
        3535          58
        3536          53
        3537          57
        3538          64
        3539          54
        3540          53
        3541          62
        3542          30
        3543          57
        3544          41
        3545          45
        3546          57
        3547          51
        3548          53
        3549          35
        3550          57
        3551          48
        3552          44
        3553          55
        3554          51
        3555          67
        3556          44
        3557          63
        3558          56
        3559          47
        3560          52
        3561          61
        3562          64
        3563          53
        3564          41
        3565          45
        3566          48
        3567          59
        3568          38
        3569          26
        3570          52
        3571          56
        3572          46
        3573          55
        3574          41
        3575          54
        3576          58
        3577          53
        3578          42
        3579          33
        3580          42
        3581          51
        3582          59
        3583          66
        3584          45
        3585          47
        3586          64
        3587          59
        3588          57
        3589          58
        3590          62
        3591          40
        3592          46
        3593          41
        3594          36
        3595          54
        3596          41
        3597          53
        3598          33
        3599          65
        3600          54
        3601          42
        3602          54
        3603          51
        3604          46
        3605          50
        3606          53
        3607          51
        3608          52
        3609          43
        3610          57
        3611          54
        3612          54
        3613          49
        3614          45
        3615          38
        3616          64
        3617          48
        3618          51
        3619          39
        3620          53
        3621          51
        3622          45
        3623          50
        3624          38
        3625          41
        3626          30
        3627          44
        3628          49
        3629          58
        3630          51
        3631          58
        3632          43
        3633          53
        3634          50
        3635          58
        3636          39
        3637          49
        3638          47
        3639          56
        3640          44
        3641          44
        3642          42
        3643          54
        3644          47
        3645          48
        3646          50
        3647          52
        3648          45
        3649          32
        3650          47
        3651          34
        3652          46
        3653          46
        3654          53
        3655          51
        3656          52
        3657          47
        3658          52
        3659          60
        3660          35
        3661          46
        3662          43
        3663          32
        3664          40
        3665          45
        3666          50
        3667          51
        3668          37
        3669          51
        3670          35
        3671          37
        3672          36
        3673          51
        3674          27
        3675          51
        3676          55
        3677          43
        3678          44
        3679          55
        3680          49
        3681          56
        3682          48
        3683          45
        3684          37
        3685          54
        3686          51
        3687          47
        3688          44
        3689          54
        3690          36
        3691          39
        3692          43
        3693          50
        3694          40
        3695          44
        3696          33
        3697          42
        3698          47
        3699          51
        3700          46
        3701          47
        3702          46
        3703          50
        3704          48
        3705          40
        3706          41
        3707          50
        3708          41
        3709          46
        3710          30
        3711          57
        3712          28
        3713          32
        3714          36
        3715          42
        3716          46
        3717          45
        3718          47
        3719          26
        3720          42
        3721          50
        3722          49
        3723          53
        3724          26
        3725          47
        3726          39
        3727          39
        3728          43
        3729          56
        3730          47
        3731          54
        3732          45
        3733          59
        3734          40
        3735          54
        3736          29
        3737          39
        3738          39
        3739          45
        3740          17
        3741          46
        3742          51
        3743          52
        3744          41
        3745          47
        3746          31
        3747          31
        3748          44
        3749          30
        3750          49
        3751          39
        3752          39
        3753          43
        3754          34
        3755          46
        3756          27
        3757          47
        3758          40
        3759          48
        3760          41
        3761          40
        3762          33
        3763          54
        3764          40
        3765          48
        3766          30
        3767          38
        3768          39
        3769          50
        3770          29
        3771          40
        3772          29
        3773          49
        3774          48
        3775          47
        3776          43
        3777          41
        3778          40
        3779          38
        3780          49
        3781          38
        3782          36
        3783          43
        3784          52
        3785          22
        3786          49
        3787          45
        3788          41
        3789          48
        3790          33
        3791          54
        3792          29
        3793          39
        3794          48
        3795          43
        3796          45
        3797          37
        3798          36
        3799          38
        3800          51
        3801          36
        3802          35
        3803          32
        3804          38
        3805          52
        3806          38
        3807          45
        3808          51
        3809          53
        3810          39
        3811          41
        3812          42
        3813          41
        3814          41
        3815          51
        3816          55
        3817          45
        3818          33
        3819          39
        3820          56
        3821          26
        3822          39
        3823          41
        3824          36
        3825          35
        3826          45
        3827          44
        3828          20
        3829          40
        3830          41
        3831          43
        3832          28
        3833          40
        3834          40
        3835          42
        3836          40
        3837          30
        3838          30
        3839          38
        3840          35
        3841          45
        3842          35
        3843          39
        3844          39
        3845          25
        3846          43
        3847          37
        3848          47
        3849          35
        3850          39
        3851          46
        3852          39
        3853          27
        3854          30
        3855          34
        3856          39
        3857          33
        3858          35
        3859          31
        3860          24
        3861          43
        3862          43
        3863          45
        3864          45
        3865          33
        3866          42
        3867          41
        3868          32
        3869          45
        3870          44
        3871          39
        3872          50
        3873          36
        3874          50
        3875          30
        3876          32
        3877          35
        3878          31
        3879          47
        3880          39
        3881          45
        3882          36
        3883          61
        3884          37
        3885          46
        3886          39
        3887          50
        3888          37
        3889          33
        3890          43
        3891          47
        3892          40
        3893          36
        3894          39
        3895          48
        3896          27
        3897          45
        3898          43
        3899          36
        3900          37
        3901          52
        3902          39
        3903          17
        3904          28
        3905          46
        3906          36
        3907          45
        3908          41
        3909          27
        3910          22
        3911          35
        3912          39
        3913          38
        3914          27
        3915          37
        3916          35
        3917          32
        3918          41
        3919          42
        3920          49
        3921          27
        3922          29
        3923          29
        3924          28
        3925          27
        3926          31
        3927          31
        3928          29
        3929          40
        3930          39
        3931          27
        3932          41
        3933          36
        3934          38
        3935          49
        3936          21
        3937          28
        3938          38
        3939          29
        3940          41
        3941          34
        3942          21
        3943          40
        3944          28
        3945          28
        3946          39
        3947          30
        3948          28
        3949          34
        3950          28
        3951          32
        3952          35
        3953          27
        3954          28
        3955          28
        3956          39
        3957          31
        3958          37
        3959          18
        3960          28
        3961          25
        3962          36
        3963          39
        3964          42
        3965          37
        3966          36
        3967          24
        3968          32
        3969          28
        3970          38
        3971          36
        3972          36
        3973          41
        3974          47
        3975          35
        3976          37
        3977          28
        3978          31
        3979          21
        3980          31
        3981          34
        3982          35
        3983          23
        3984          33
        3985          27
        3986          36
        3987          33
        3988          30
        3989          25
        3990          32
        3991          35
        3992          25
        3993          19
        3994          33
        3995          27
        3996          28
        3997          36
        3998          31
        3999          48
        4000          16
        4001          38
        4002          22
        4003          38
        4004          22
        4005          28
        4006          23
        4007          41
        4008          35
        4009          22
        4010          29
        4011          38
        4012          29
        4013          31
        4014          41
        4015          20
        4016          34
        4017          42
        4018          33
        4019          35
        4020          26
        4021          27
        4022          24
        4023          40
        4024          39
        4025          27
        4026          35
        4027          30
        4028          39
        4029          29
        4030          27
        4031          31
        4032          26
        4033          29
        4034          29
        4035          24
        4036          34
        4037          17
        4038          21
        4039          33
        4040          40
        4041          31
        4042          23
        4043          21
        4044          18
        4045          29
        4046          24
        4047          23
        4048          27
        4049          38
        4050          25
        4051          28
        4052          38
        4053          27
        4054          31
        4055          33
        4056          16
        4057          27
        4058          17
        4059          34
        4060          19
        2377         102
        2378          96
        2379         104
        2380         112
        2381         125
        2382         103
        2383          86
        2384         111
        2385         123
        2386          39
        2387         122
        2388         113
        2389         108
        2390         119
        2391         109
        2392          91
        2393         109
        2394          78
        2395         109
        2396         113
        2397         107
        2398         112
        2399         119
        2400         118
        2401         103
        2402         106
        2403         109
        2404         107
        2405         115
        2406         123
        2407          80
        2408         107
        2409          90
        2410          87
        2411         108
        2412         108
        2413          79
        2414         113
        2415         100
        2416          94
        2417          87
        2418          89
        2419         115
        2420          98
        2421         134
        2422          95
        2423         115
        2424         111
        2425         117
        2426          84
        2427         107
        2428         127
        2429         111
        2430         101
        2431         116
        2432         105
        2433          98
        2434         108
        2435          80
        2436          99
        2437         113
        2438         112
        2439         121
        2440         102
        2441         106
        2442         107
        2443         105
        2444         128
        2445          79
        2446         100
        2447         113
        2448          81
        2449         114
        2450          96
        2451         118
        2452         107
        2453         127
        2454         115
        2455         109
        2456         111
        2457         116
        2458         118
        2459         104
        2460         118
        2461         109
        2462          94
        2463          96
        2464         113
        2465         120
        2466          72
        2467          85
        2468         109
        2469         112
        2470         108
        2471          72
        2472         110
        2473          98
        2474         117
        2475         115
        2476          95
        2477         107
        2478          97
        2479         100
        2480         115
        2481         105
        2482         115
        2483          89
        2484         112
        2485         101
        2486         101
        2487          69
        2488          83
        2489          97
        2490         103
        2491         108
        2492         119
        2493         109
        2494          95
        2495         106
        2496         107
        2497          87
        2498         117
        2499         119
        2500          99
        2501         108
        2502          84
        2503          92
        2504         112
        2505         101
        2506         106
        2507          74
        2508         121
        2509          92
        2510          99
        2511         119
        2512         106
        2513         107
        2514         113
        2515         104
        2516          96
        2517         104
        2518          98
        2519         106
        2520          97
        2521         101
        2522          94
        2523         125
        2524          74
        2525         104
        2526         115
        2527         106
        2528         118
        2529          99
        2530         109
        2531          93
        2532         119
        2533          95
        2534          96
        2535         125
        2536          95
        2537         117
        2538          93
        2539          92
        2540          86
        2541          97
        2542         104
        2543          97
        2544          86
        2545          89
        2546         101
        2547          98
        2548          93
        2549          79
        2550         103
        2551         104
        2552          97
        2553          89
        2554         104
        2555         101
        2556          95
        2557         116
        2558         100
        2559          96
        2560         101
        2561          69
        2562          95
        2563         106
        2564          88
        2565          93
        2566         104
        2567          95
        2568         104
        2569          93
        2570          93
        2571         101
        2572          85
        2573         110
        2574         105
        2575          82
        2576          92
        2577          91
        2578          89
        2579          93
        2580         105
        2581          69
        2582         106
        2583         102
        2584          79
        2585          99
        2586         107
        2587         104
        2588          91
        2589         117
        2590         105
        2591          88
        2592          88
        2593         108
        2594         103
        2595         101
        2596          89
        2597          92
        2598          95
        2599         119
        2600          69
        2601         109
        2602          82
        2603         101
        2604          85
        2605          84
        2606          81
        2607         104
        2608         105
        2609         104
        2610         108
        2611          99
        2612          95
        2613         110
        2614          98
        2615         113
        2616         117
        2617          96
        2618          93
        2619         119
        2620         103
        2621          93
        2622          90
        2623          95
        2624          93
        2625          67
        2626          91
        2627         102
        2628         105
        2629         101
        2630         112
        2631          97
        2632         107
        2633          79
        2634          85
        2635          97
        2636          63
        2637          75
        2638          93
        2639         101
        2640          97
        2641          65
        2642         110
        2643          86
        2644         110
        2645          96
        2646          83
        2647         101
        2648         106
        2649          89
        2650          93
        2651         104
        2652         100
        2653         101
        2654          89
        2655         102
        2656         101
        2657         104
        2658          85
        2659          92
        2660          95
        2661         105
        2662          99
        2663          95
        2664          94
        2665          90
        2666          89
        2667         100
        2668          92
        2669          95
        2670          92
        2671          82
        2672          88
        2673          96
        2674          66
        2675         109
        2676          92
        2677         109
        2678          71
        2679          90
        2680          80
        2681         115
        2682          92
        2683         105
        2684          86
        2685          98
        2686         103
        2687          61
        2688         103
        2689          61
        2690          69
        2691          89
        2692         100
        2693          65
        2694          96
        2695         105
        2696         110
        2697          68
        2698          88
        2699          81
        2700          77
        2701          84
        2702          96
        2703          90
        2704          91
        2705          87
        2706          97
        2707          90
        2708         104
        2709          84
        2710          71
        2711         101
        2712          86
        2713          79
        2714          95
        2715          88
        2716         108
        2717          98
        2718          93
        2719          96
        2720          91
        2721          83
        2722          94
        2723          77
        2724          95
        2725         100
        2726          96
        2727         107
        2728         100
        2729          82
        2730          89
        2731         113
        2732          97
        2733          94
        2734          96
        2735         101
        2736         101
        2737          93
        2738          84
        2739         101
        2740         107
        2741         110
        2742          85
        2743          92
        2744          77
        2745          91
        2746          92
        2747          97
        2748          98
        2749          91
        2750          93
        2751          75
        2752         104
        2753          94
        2754          98
        2755         105
        2756          69
        2757          69
        2758          81
        2759          83
        2760          49
        2761          96
        2762          93
        2763          80
        2764          88
        2765         100
        2766         106
        2767          96
        2768          82
        2769          98
        2770          95
        2771          81
        2772          92
        2773          73
        2774          92
        2775          68
        2776          85
        2777          95
        2778          92
        2779         100
        2780          86
        2781          67
        2782         101
        2783          95
        2784          58
        2785          92
        2786          96
        2787          90
        2788          91
        2789         100
        2790          66
        2791          78
        2792         105
        2793          87
        2794         111
        2795          94
        2796         106
        2797         101
        2798          92
        2799          93
        2800          87
        2801          70
        2802          73
        2803          99
        2804          98
        2805          94
        2806          97
        2807          85
        2808         103
        2809         100
        2810          86
        2811          78
        2812         113
        2813         103
        2814          91
        2815          68
        2816          58
        2817          87
        2818          84
        2819          80
        2820          80
        2821         101
        2822          92
        2823          95
        2824          92
        2825          78
        2826          86
        2827          98
        2828          59
        2829          92
        2830          86
        2831          87
        2832          92
        2833          95
        2834          68
        2835          92
        2836          94
        2837          89
        2838         106
        2839          71
        2840          91
        2841          53
        2842          86
        2843          79
        2844          87
        2845          67
        2846          88
        2847          89
        2848          80
        2849          75
        2850          96
        2851          85
        2852          71
        2853          75
        2854          84
        2855          88
        2856          93
        2857         100
        2858          75
        2859          91
        2860          76
        2861         102
        2862          84
        2863          85
        2864          59
        2865          88
        2866          86
        2867          90
        2868          87
        2869          89
        2870          90
        2871          89
        2872          72
        2873          87
        2874          86
        2875          79
        2876          90
        2877          84
        2878          98
        2879          71
        2880          97
        2881          69
        2882          76
        2883          95
        2884          83
        2885          85
        2886          85
        2887          68
        2888          88
        2889          82
        2890          76
        2891          68
        2892          66
        2893          75
        2894          87
        2895          95
        2896          93
        2897          98
        2898          78
        2899          85
        2900          75
        2901          74
        2902          52
        2903          61
        2904          90
        2905          75
        2906          69
        2907          84
        2908          83
        2909          61
        2910          92
        2911          79
        2912          80
        2913          80
        2914          91
        2915          79
        2916          74
        2917          83
        2918          91
        2919          65
        2920          76
        2921          86
        2922         102
        2923          78
        2924          79
        2925          62
        2926          58
        2927          87
        2928          82
        2929          80
        2930          86
        2931          94
        2932          82
        2933          78
        2934          92
        2935          98
        2936          90
        2937          90
        2938          79
        2939          44
        2940          67
        2941          74
        2942          74
        2943          81
        2944          80
        2945          72
        2946          84
        2947          85
        2948          64
        2949          70
        2950          57
        2951          91
        2952          79
        2953          99
        2954          95
        2955          82
        2956         101
        2957          91
        2958          88
        2959          69
        2960          55
        2961          88
        2962          78
        2963          79
        2964          85
        2965          49
        2966          57
        2967          76
        2968          82
        2969          74
        2970          78
        2971          77
        2972          93
        2973          97
        2974          90
        2975          69
        2976          68
        2977          73
        2978          82
        2979          78
        2980          80
        2981          75
        2982          75
        2983          78
        2984          80
        2985          67
        2986          81
        2987          66
        2988          87
        2989          87
        2990          73
        2991          75
        2992          72
        2993          76
        2994          76
        2995          80
        2996          86
        2997          44
        2998          85
        2999          83
        3000          86
        3001          75
        3002          86
        3003          81
        3004          87
        3005          77
        3006          84
        3007          80
        3008          82
        3009          75
        3010          81
        3011          83
        3012          71
        3013          81
        3014          73
        3015          75
        3016          97
        3017          73
        3018          78
        3019          89
        3020          77
        3021          77
        3022          75
        3023          98
        3024          81
        3025          98
        3026          83
        3027          73
        3028          55
        3029          84
        3030          70
        3031          76
        3032          91
        3033          79
        3034          74
        3035          85
        3036          83
        3037          87
        3038          81
        3039          57
        3040          79
        3041          68
        3042          89
        3043          80
        3044          88
        3045          75
