         581         202
         582         201
         583         197
         584         149
         585         195
         586         191
         587         195
         588         206
         589         202
         590         202
         591         170
         592         204
         593         155
         594         189
         595         197
         596         203
         597         150
         598         198
         599         203
         600         194
         601         192
         602         180
         603         203
         604         197
         605         194
         606         205
         607         196
         608         191
         609         156
         610         196
         611         203
         612         173
         613         185
         614         201
         615         196
         616         204
         617         195
         618         194
         619         129
         620         200
         621         200
         622         207
         623         192
         624         168
         625         198
         626         200
         627         191
         628         199
         629         175
         630         203
         631         194
         632         193
         633         196
         634         145
         635         202
         636         198
         637         201
         638         205
         639         203
         640         176
         641         191
         642         198
         643         196
         644         185
         645         199
         646         199
         647         187
         648         197
         649         189
         650         205
         651         137
         652         189
         653         190
         654         206
         655         208
         656         205
         657         197
         658         187
         659         199
         660         193
         661         177
         662         175
         663         190
         664         209
         665         178
         666          77
         667         171
         668         186
         669         182
         670         184
         671         198
         672         198
         673         177
         674         196
         675         196
         676         199
         677         197
         678         208
         679         188
         680         127
         681         202
         682         195
         683         187
         684         178
         685         197
         686         178
         687         194
         688         195
         689         202
         690         210
         691         177
         692         174
         693         201
         694         202
         695         197
         696         171
         697         194
         698         157
         699         189
         700         198
         701         197
         702         205
         703         195
         704         173
         705         183
         706         195
         707         187
         708         156
         709         180
         710         197
         711         198
         712         193
         713         209
         714         195
         715         201
         716         183
         717         203
         718         186
         719         204
         720         197
         721         162
         722         196
         723         189
         724         203
         725         185
         726         192
         727         197
         728         194
         729         178
         730         168
         731         178
         732         183
         733         167
         734         186
         735         182
         736         178
         737         202
         738         153
         739         189
         740         204
         741         196
         742         194
         743         202
         744         194
         745         157
         746         123
         747         197
         748         207
         749         187
         750         188
         751         196
         752         197
         753         187
         754         189
         755         175
         756         196
         757         195
         758         187
         759         176
         760         201
         761         185
         762         190
         763         191
         764         161
         765         177
         766         202
         767         166
         768         205
         769         170
         770         183
         771         192
         772         181
         773         198
         774         192
         775         189
         776         137
         777         201
         778         205
         779         192
         780         141
         781         193
         782         184
         783         178
         784         150
         785         198
         786         201
         787         196
         788         153
         789         199
         790         181
         791         189
         792         178
         793         198
         794         189
         795         193
         796         179
         797         178
         798         190
         799         196
         800         160
         801         183
         802         198
         803         155
         804         164
         805         187
         806         186
         807         196
         808         183
         809         157
         810         191
         811         190
         812         188
         813         198
         814         185
         815         191
         816         194
         817         189
         818         189
         819         189
         820         183
         821         190
         822         191
         823         185
         824         183
         825         179
         826         199
         827         180
         828         189
         829         179
         830         166
         831         181
         832         153
         833         200
         834         191
         835         182
         836         189
         837         183
         838         149
         839         184
         840         177
         841         140
         842         188
         843         173
         844         194
         845         184
         846         140
         847         183
         848         189
         849         192
         850         180
         851         185
         852         192
         853         198
         854         183
         855         183
         856         175
         857         180
         858         186
         859         182
         860         152
         861         195
         862         188
         863         146
         864         130
         865         168
         866         191
         867         182
         868         168
         869         196
         870         191
         871         191
         872         196
         873         182
         874         178
         875         133
         876         196
         877         157
         878         192
         879         182
         880         166
         881         186
         882         185
         883         175
         884         161
         885         192
         886         187
         887         178
         888         180
         889         186
         890         179
         891         177
         892         140
         893         194
         894         162
         895         177
         896         192
         897         182
         898         161
         899         200
         900         186
         901         196
         902         143
         903         129
         904         184
         905         186
         906         170
         907         190
         908         176
         909         183
         910         162
         911         178
         912         193
         913         184
         914         184
         915         174
         916         187
         917         185
         918         180
         919         187
         920         187
         921         159
         922         172
         923         183
         924         182
         925         184
         926         178
         927         191
         928         183
         929         182
         930         192
         931         185
         932         184
         933         184
         934         180
         935         195
         936         128
         937         181
         938         190
         939         151
         940         166
         941         183
         942         149
         943         174
         944         183
         945         192
         946         180
         947         173
         948         186
         949         185
         950         153
         951         186
         952         189
         953         140
         954         182
         955         176
         956         185
         957         180
         958         169
         959         191
         960         153
         961         184
         962         179
         963         181
         964         195
         965         168
         966         177
         967         185
         968         176
         969         166
         970         170
         971         172
         972         132
         973         185
         974         168
         975         180
         976         174
         977         136
         978         133
         979         132
         980         180
         981         178
         982         142
         983         175
         984         175
         985         177
         986         186
         987         180
         988         188
         989         179
         990         135
         991         177
         992         160
         993         172
         994         158
         995         173
         996         175
         997         185
         998         189
         999         180
        1000         184
        1001         177
        1002         170
        1003         171
        1004         170
        1005         183
        1006         181
        1007         166
        1008         140
        1009         177
        1010         165
        1011         165
        1012         180
        1013         177
        1014         161
        1015         161
        1016         189
        1017         159
        1018         151
        1019         182
        1020         155
        1021         178
        1022         180
        1023         152
        1024         180
        1025         183
        1026         182
        1027         173
        1028         188
        1029         174
        1030         173
        1031         168
        1032         129
        1033         183
        1034         176
        1035         184
        1036         177
        1037         192
        1038         161
        1039         189
        1040         172
        1041         185
        1042         176
        1043         161
        1044         185
        1045         164
        1046         159
        1047         174
        1048         155
        1049         176
        1050         176
        1051         179
        1052         180
        1053         175
        1054         182
        1055         173
        1056         150
        1057         167
        1058         185
        1059         173
        1060         182
        1061         175
        1062         182
        1063         161
        1064         138
        1065         190
        1066         170
        1067         169
        1068         179
        1069         172
        1070         138
        1071         181
        1072         168
        1073         184
        1074         158
        1075         189
        1076         170
        1077         182
        1078         172
        1079         163
        1080         168
        1081         160
        1082         191
        1083         172
        1084         172
        1085         165
        1086         184
        1087         168
        1088         177
        1089         173
        1090         135
        1091         159
        1092         123
        1093         176
        1094         149
        1095         183
        1096         163
        1097         171
        1098         170
        1099         177
        1100         139
        1101         186
        1102         177
        1103         171
        1104         171
        1105         144
        1106         180
        1107         185
        1108         193
        1109         155
        1110         167
        1111         173
        1112         149
        1113         162
        1114         169
        1115         166
        1116         184
        1117         181
        1118         158
        1119         187
        1120         185
        1121         160
        1122         184
        1123         159
        1124         181
        1125         164
        1126         186
        1127         160
        1128         146
        1129         184
        1130         178
        1131         180
        1132         156
        1133         186
        1134         187
        1135         168
        1136         162
        1137         171
        1138         171
        1139         179
        1140         160
        1141         158
        1142         143
        1143         176
        1144         148
        1145         171
        1146         169
        1147         164
        1148         176
        1149         163
        1150         162
        1151         180
        1152         164
        1153         148
        1154          83
        1155         122
        1156         179
        1157         147
        1158         175
        1159         127
        1160         175
         324         189
         325         187
         326         184
         327         182
         328         177
         329         195
         330         182
         331         185
         332         194
         333         181
         334         181
         335         185
         336         190
         337         196
         338         192
         339         184
         340         191
         341         181
         342         188
         343         177
         344         170
         345         174
         346         186
         347         194
         348         182
         349         177
         350         177
         351         176
         352         187
         353         176
         354         182
         355         174
         356         180
         357         188
         358         175
         359         190
         360         173
         361         189
         362         184
         363         181
         364         182
         365         173
         366         171
         367         157
         368         176
         369         187
         370         194
         371         196
         372         201
         373         193
         374         186
         375         196
         376         202
         377         207
         378         205
         379         201
         380         197
         381         198
         382         202
         383         207
         384         187
         385         185
         386         179
         387         169
         388         183
         389         178
         390         175
         391         166
         392         164
         393         150
         394         139
         395         139
         396         157
         397         158
         398         148
         399         169
         400         176
         401         176
         402         176
         403         160
         404         156
         405         159
         406         167
         407         150
         408         143
         409         146
         410         140
         411         140
         412         139
         413         143
         414         153
         415         158
         416         154
         417         164
         418         159
         419         168
         420         119
         421         122
         422         106
         423         117
         424         116
         425         112
         426          98
         427          87
         428          82
         429          78
         430          77
         431          88
         432          84
         433          84
         434          76
         435          76
         436          76
         437          81
         438          71
         439          71
         440          83
         441          86
         442          82
         443          99
         444         106
         445         109
         446          92
         447         102
         448          89
         449          91
         450          74
         451          89
         452         101
         453         111
         454         122
         455         120
         456         130
         457         120
         458         131
         459         129
         460         129
         461         102
         462          97
         463          90
         464          97
         465          94
         466         113
         467         123
         468         138
         469         142
         470         140
         471         142
         472         128
         473         135
         474         151
         475         114
         476         120
         477         110
         478         126
         479         138
         480         116
         481          88
         482          90
         483          69
         484          71
         485          69
         486          82
         487          99
         488         102
         489         116
         490         119
         491         116
         492          97
         493          83
         494          87
         495          69
         496          58
         497          67
         498          56
         499          85
         500          94
         501         103
         502         126
         503         121
         504         142
         505         140
         506          97
         507          96
         508          95
         509          87
         510          69
         511         114
         512         119
         513         135
         514         132
         515         154
         516         143
         517         122
         518         148
         519         126
         520         145
         521         127
         522         120
         523         131
         524         134
         525         139
         526         140
         527         147
         528         153
         529         163
         530         170
         531         162
         532         170
         533         184
         534         181
         535         178
         536         178
         537         161
         538         169
         539         154
         540         162
         541         157
         542         143
         543         131
         544         116
         545         101
         546          87
         547         109
         548         137
         549         137
         550         146
         551         152
         552         139
         553         138
         554         132
         555         116
         556         124
         557         108
         558         159
         559          81
         560         203
         561         200
         562         200
         563         190
         564         178
         565         209
         566         213
         567         207
         568         139
         569         202
         570         155
         571         201
         572         207
         573         164
         574         198
         575         202
         576         147
         577         204
         578         211
         579         171
         580         136
         581         202
         582         201
         583         197
         584         149
         585         195
         586         191
         587         195
         588         206
         589         202
         590         202
         591         170
         592         204
         593         155
         594         189
         595         197
         596         203
         597         150
         598         198
         599         203
         600         194
         601         192
         602         180
         603         203
         604         197
         605         194
         606         205
         607         196
         608         191
         609         156
         610         196
         611         203
         612         173
         613         185
         614         201
         615         196
         616         204
         617         195
         618         194
         619         129
         620         200
         621         200
         622         207
         623         192
         624         168
         625         198
         626         200
         627         191
         628         199
         629         175
         630         203
         631         194
         632         193
         633         196
         634         145
         635         202
         636         198
         637         201
         638         205
         639         203
         640         176
         641         191
         642         198
         643         196
         644         185
         645         199
         646         199
         647         187
         648         197
         649         189
         650         205
         651         137
         652         189
         653         190
         654         206
         655         208
         656         205
         657         197
         658         187
         659         199
         660         193
         661         177
         662         175
         663         190
         664         209
         665         178
         666          77
         667         171
         668         186
         669         182
         670         184
         671         198
         672         198
         673         177
         674         196
         675         196
         676         199
         677         197
         678         208
         679         188
         680         127
         681         202
         682         195
         683         187
         684         178
         685         197
         686         178
         687         194
         688         195
         689         202
         690         210
         691         177
         692         174
         693         201
         694         202
         695         197
         696         171
         697         194
         698         157
         699         189
         700         198
         701         197
         702         205
         703         195
         704         173
         705         183
         706         195
         707         187
         708         156
         709         180
