        1161         178
        1162         179
        1163         174
        1164         181
        1165         164
        1166         173
        1167         174
        1168         117
        1169         175
        1170         153
        1171         175
        1172         180
        1173         177
        1174         166
        1175         168
        1176         106
        1177         188
        1178         164
        1179         134
        1180         180
        1181          93
        1182         176
        1183         171
        1184         166
        1185         163
        1186         178
        1187         160
        1188         148
        1189         166
        1190         178
        1191         166
        1192         175
        1193         176
        1194         167
        1195         164
        1196         163
        1197         160
        1198         182
        1199         179
        1200         178
        1201         163
        1202         151
        1203         127
        1204         159
        1205         177
        1206         186
        1207         152
        1208         159
        1209         173
        1210         107
        1211         169
        1212         169
        1213         182
        1214         171
        1215         159
        1216         166
        1217         165
        1218         140
        1219         153
        1220         153
        1221         170
        1222         166
        1223         133
        1224         174
        1225         166
        1226         169
        1227         168
        1228         168
        1229         167
        1230         169
        1231         171
        1232         118
        1233         176
        1234         174
        1235         181
        1236         156
        1237         171
        1238         168
        1239         169
        1240          83
        1241         171
        1242         165
        1243         144
        1244         166
        1245         167
        1246         157
        1247         140
        1248         113
        1249         182
        1250         163
        1251         132
        1252         158
        1253         141
        1254         165
        1255         184
        1256         151
        1257         182
        1258         163
        1259         155
        1260         172
        1261         161
        1262         166
        1263         172
        1264         165
        1265         140
        1266         167
        1267         174
        1268         171
        1269         173
        1270         166
        1271         184
        1272         166
        1273         160
        1274         165
        1275         174
        1276         150
        1277         182
        1278         161
        1279         148
        1280         169
        1281         138
        1282         131
        1283         167
        1284         163
        1285         168
        1286         157
        1287         154
        1288         159
        1289         175
        1290         167
        1291         150
        1292         178
        1293         167
        1294         163
        1295         166
        1296         156
        1297         154
        1298         158
        1299         152
        1300         175
        1301         157
        1302         173
        1303         177
        1304         169
        1305         126
        1306         159
        1307         163
        1308         168
        1309         155
        1310         157
        1311         171
        1312         128
        1313         168
        1314         169
        1315         160
        1316         169
        1317         166
        1318         172
        1319         148
        1320         166
        1321         170
        1322         166
        1323         151
        1324         178
        1325         150
        1326         161
        1327         131
        1328         128
        1329         161
        1330         162
        1331         157
        1332         164
        1333         113
        1334         129
        1335         135
        1336         142
        1337         171
        1338         154
        1339         163
        1340         153
        1341         172
        1342         113
        1343         139
        1344         168
        1345         137
        1346         123
        1347         159
        1348         138
        1349         150
        1350         171
        1351         168
        1352         160
        1353         140
        1354         155
        1355         152
        1356         169
        1357         164
        1358         171
        1359         165
        1360         161
        1361         171
        1362         134
        1363         116
        1364         169
        1365         176
        1366         135
        1367         122
        1368         164
        1369         157
        1370         165
        1371         159
        1372         167
        1373         151
        1374         145
        1375         115
        1376         166
        1377         134
        1378         170
        1379         166
        1380         140
        1381         110
        1382         177
        1383         169
        1384         149
        1385         161
        1386         134
        1387         141
        1388         144
        1389         151
        1390         128
        1391         155
        1392         159
        1393         162
        1394         169
        1395         149
        1396         161
        1397         146
        1398         142
        1399         154
        1400         106
        1401         160
        1402         155
        1403         152
        1404         147
        1405         141
        1406         119
        1407         159
        1408         156
        1409         158
        1410         151
        1411         174
        1412         155
        1413         163
        1414         144
        1415         156
        1416         157
        1417         167
        1418         160
        1419         153
        1420         161
        1421         134
        1422         156
        1423         159
        1424         166
        1425         141
        1426         157
        1427         161
        1428         161
        1429         158
        1430         152
        1431         169
        1432         163
        1433         156
        1434         150
        1435         163
        1436         176
        1437         161
        1438          91
        1439         139
        1440         159
        1441         163
        1442         160
        1443         161
        1444         154
        1445         170
        1446         138
        1447         164
        1448         155
        1449         150
        1450         158
        1451         159
        1452         137
        1453         146
        1454         161
        1455         147
        1456         152
        1457         160
        1458         160
        1459         120
        1460         161
        1461         159
        1462         172
        1463         129
        1464         156
        1465         164
        1466         158
        1467         164
        1468         174
        1469         136
        1470         160
        1471         154
        1472         160
        1473         156
        1474         153
        1475         147
        1476         155
        1477         166
        1478         161
        1479         144
        1480         153
        1481         164
        1482         169
        1483         161
        1484         157
        1485         167
        1486         147
        1487         162
        1488         161
        1489         143
        1490         104
        1491         157
        1492         127
        1493         159
        1494         159
        1495         160
        1496         164
        1497         143
        1498         154
        1499         152
        1500         158
        1501         160
        1502         161
        1503         149
        1504         168
        1505         159
        1506         162
        1507         137
        1508         161
        1509         162
        1510         144
        1511         164
        1512         129
        1513         157
        1514         141
        1515         130
        1516         155
        1517         117
        1518         144
        1519         149
        1520         162
        1521         157
        1522         157
        1523         154
        1524         150
        1525         147
        1526         160
        1527         147
        1528         130
        1529         100
        1530         158
        1531         154
        1532         154
        1533         136
        1534         162
        1535         149
        1536         112
        1537         148
        1538         166
        1539         139
        1540         148
        1541         158
        1542         161
        1543         153
        1544         153
        1545         156
        1546         169
        1547         141
        1548         148
        1549         150
        1550         153
        1551         144
        1552         166
        1553         143
        1554         141
        1555         140
        1556         144
        1557         163
        1558         156
        1559         170
        1560         103
        1561         148
        1562         159
        1563         147
        1564         148
        1565         155
        1566         152
        1567         113
        1568         155
        1569         160
        1570         155
        1571         125
        1572         141
        1573         146
        1574         141
        1575         156
        1576         165
        1577         165
        1578         160
        1579         144
        1580         141
        1581         116
        1582          64
        1583         152
        1584         162
        1585         155
        1586         150
        1587         112
        1588         140
        1589         144
        1590         139
        1591         154
        1592         129
        1593         144
        1594         158
        1595         143
        1596         147
        1597         153
        1598         144
        1599         109
        1600         166
        1601         146
        1602         160
        1603         147
        1604         131
        1605         161
        1606         157
        1607         124
        1608         155
        1609         151
        1610         130
        1611         151
        1612         156
        1613         150
        1614         141
        1615         150
        1616         142
        1617         116
        1618         163
        1619         134
        1620         160
        1621         141
        1622         148
        1623         124
        1624         143
        1625         151
        1626         151
        1627         158
        1628         157
        1629         129
        1630         147
        1631         144
        1632         156
        1633         126
        1634         136
        1635         161
        1636         153
        1637         154
        1638         146
        1639         156
        1640         147
        1641         154
        1642         146
        1643         101
        1644         145
        1645         134
        1646         115
        1647         154
        1648         138
        1649         112
        1650         145
        1651         143
        1652         151
        1653         149
        1654         139
        1655          88
        1656         131
        1657         143
        1658         154
        1659         119
        1660         147
        1661         157
        1662         134
        1663          58
        1664         150
        1665         149
        1666         121
        1667         160
        1668         143
        1669         137
        1670         136
        1671         144
        1672         149
        1673         141
        1674         138
        1675         134
        1676         130
        1677         153
        1678         140
        1679         128
        1680         143
        1681         157
        1682         138
        1683         148
        1684         147
        1685         134
        1686         137
        1687         135
        1688         146
        1689         151
        1690         111
        1691         156
        1692         122
        1693         163
        1694         110
        1695         145
        1696         149
        1697         152
        1698         137
        1699         123
        1700         135
        1701         152
        1702          89
        1703         157
        1704         145
        1705         116
        1706         141
        1707         139
        1708         147
        1709         139
        1710         144
        1711         144
        1712         147
        1713         157
        1714         110
        1715         111
        1716         138
        1717         142
        1718         123
        1719         137
        1720         149
        1721         150
        1722         146
        1723         141
        1724         143
        1725         138
        1726         154
        1727         106
        1728         142
        1729         142
        1730         156
        1731         123
        1732         124
        1733         134
        1734         142
        1735         131
        1736         153
        1737         150
        1738         127
        1739         142
        1740         105
         710         197
         711         198
         712         193
         713         209
         714         195
         715         201
         716         183
         717         203
         718         186
         719         204
         720         197
         721         162
         722         196
         723         189
         724         203
         725         185
         726         192
         727         197
         728         194
         729         178
         730         168
         731         178
         732         183
         733         167
         734         186
         735         182
         736         178
         737         202
         738         153
         739         189
         740         204
         741         196
         742         194
         743         202
         744         194
         745         157
         746         123
         747         197
         748         207
         749         187
         750         188
         751         196
         752         197
         753         187
         754         189
         755         175
         756         196
         757         195
         758         187
         759         176
         760         201
         761         185
         762         190
         763         191
         764         161
         765         177
         766         202
         767         166
         768         205
         769         170
         770         183
         771         192
         772         181
         773         198
         774         192
         775         189
         776         137
         777         201
         778         205
         779         192
         780         141
         781         193
         782         184
         783         178
         784         150
         785         198
         786         201
         787         196
         788         153
         789         199
         790         181
         791         189
         792         178
         793         198
         794         189
         795         193
         796         179
         797         178
         798         190
         799         196
         800         160
         801         183
         802         198
         803         155
         804         164
         805         187
         806         186
         807         196
         808         183
         809         157
         810         191
         811         190
         812         188
         813         198
         814         185
         815         191
         816         194
         817         189
         818         189
         819         189
         820         183
         821         190
         822         191
         823         185
         824         183
         825         179
         826         199
         827         180
         828         189
         829         179
         830         166
         831         181
         832         153
         833         200
         834         191
         835         182
         836         189
         837         183
         838         149
         839         184
         840         177
         841         140
         842         188
         843         173
         844         194
         845         184
         846         140
         847         183
         848         189
         849         192
         850         180
         851         185
         852         192
         853         198
         854         183
         855         183
         856         175
         857         180
         858         186
         859         182
         860         152
         861         195
         862         188
         863         146
         864         130
         865         168
         866         191
         867         182
         868         168
         869         196
         870         191
         871         191
         872         196
         873         182
         874         178
         875         133
         876         196
         877         157
         878         192
         879         182
         880         166
         881         186
         882         185
         883         175
         884         161
         885         192
         886         187
         887         178
         888         180
         889         186
         890         179
         891         177
         892         140
         893         194
         894         162
         895         177
         896         192
         897         182
         898         161
         899         200
         900         186
         901         196
         902         143
         903         129
         904         184
         905         186
         906         170
         907         190
         908         176
         909         183
         910         162
         911         178
         912         193
         913         184
         914         184
         915         174
         916         187
         917         185
         918         180
         919         187
         920         187
         921         159
         922         172
         923         183
         924         182
         925         184
         926         178
         927         191
         928         183
         929         182
         930         192
         931         185
         932         184
         933         184
         934         180
         935         195
         936         128
         937         181
         938         190
         939         151
         940         166
         941         183
         942         149
         943         174
         944         183
         945         192
         946         180
         947         173
         948         186
         949         185
         950         153
         951         186
         952         189
         953         140
         954         182
         955         176
         956         185
         957         180
         958         169
         959         191
         960         153
         961         184
         962         179
         963         181
         964         195
         965         168
         966         177
         967         185
         968         176
         969         166
         970         170
         971         172
         972         132
         973         185
         974         168
         975         180
         976         174
         977         136
         978         133
         979         132
         980         180
         981         178
         982         142
         983         175
         984         175
         985         177
         986         186
         987         180
         988         188
         989         179
         990         135
         991         177
         992         160
         993         172
         994         158
         995         173
         996         175
         997         185
         998         189
         999         180
        1000         184
        1001         177
        1002         170
        1003         171
        1004         170
        1005         183
        1006         181
        1007         166
        1008         140
        1009         177
        1010         165
        1011         165
        1012         180
        1013         177
        1014         161
        1015         161
        1016         189
        1017         159
        1018         151
        1019         182
        1020         155
        1021         178
        1022         180
        1023         152
        1024         180
        1025         183
        1026         182
        1027         173
        1028         188
        1029         174
        1030         173
        1031         168
        1032         129
        1033         183
        1034         176
        1035         184
        1036         177
        1037         192
        1038         161
        1039         189
        1040         172
        1041         185
        1042         176
        1043         161
        1044         185
        1045         164
        1046         159
        1047         174
        1048         155
        1049         176
        1050         176
        1051         179
        1052         180
