        2901          74
        2902          52
        2903          61
        2904          90
        2905          75
        2906          69
        2907          84
        2908          83
        2909          61
        2910          92
        2911          79
        2912          80
        2913          80
        2914          91
        2915          79
        2916          74
        2917          83
        2918          91
        2919          65
        2920          76
        2921          86
        2922         102
        2923          78
        2924          79
        2925          62
        2926          58
        2927          87
        2928          82
        2929          80
        2930          86
        2931          94
        2932          82
        2933          78
        2934          92
        2935          98
        2936          90
        2937          90
        2938          79
        2939          44
        2940          67
        2941          74
        2942          74
        2943          81
        2944          80
        2945          72
        2946          84
        2947          85
        2948          64
        2949          70
        2950          57
        2951          91
        2952          79
        2953          99
        2954          95
        2955          82
        2956         101
        2957          91
        2958          88
        2959          69
        2960          55
        2961          88
        2962          78
        2963          79
        2964          85
        2965          49
        2966          57
        2967          76
        2968          82
        2969          74
        2970          78
        2971          77
        2972          93
        2973          97
        2974          90
        2975          69
        2976          68
        2977          73
        2978          82
        2979          78
        2980          80
        2981          75
        2982          75
        2983          78
        2984          80
        2985          67
        2986          81
        2987          66
        2988          87
        2989          87
        2990          73
        2991          75
        2992          72
        2993          76
        2994          76
        2995          80
        2996          86
        2997          44
        2998          85
        2999          83
        3000          86
        3001          75
        3002          86
        3003          81
        3004          87
        3005          77
        3006          84
        3007          80
        3008          82
        3009          75
        3010          81
        3011          83
        3012          71
        3013          81
        3014          73
        3015          75
        3016          97
        3017          73
        3018          78
        3019          89
        3020          77
        3021          77
        3022          75
        3023          98
        3024          81
        3025          98
        3026          83
        3027          73
        3028          55
        3029          84
        3030          70
        3031          76
        3032          91
        3033          79
        3034          74
        3035          85
        3036          83
        3037          87
        3038          81
        3039          57
        3040          79
        3041          68
        3042          89
        3043          80
        3044          88
        3045          75
        3046          81
        3047          69
        3048          75
        3049          85
        3050          77
        3051          82
        3052          76
        3053          84
        3054          86
        3055          77
        3056          76
        3057          55
        3058          86
        3059          29
        3060          87
        3061          71
        3062          83
        3063          94
        3064          58
        3065          77
        3066          69
        3067          61
        3068          77
        3069          71
        3070          55
        3071          76
        3072          76
        3073          87
        3074          69
        3075          62
        3076          74
        3077          76
        3078          53
        3079          82
        3080          75
        3081          67
        3082          81
        3083          85
        3084          72
        3085          81
        3086          77
        3087          77
        3088          78
        3089          64
        3090          64
        3091          92
        3092          81
        3093          53
        3094          80
        3095          71
        3096          79
        3097          60
        3098          54
        3099          72
        3100          58
        3101          75
        3102          74
        3103          66
        3104          83
        3105          84
        3106          83
        3107          79
        3108          75
        3109          67
        3110          72
        3111          88
        3112          61
        3113          65
        3114          73
        3115          80
        3116          48
        3117          83
        3118          67
        3119          67
        3120          50
        3121          55
        3122          52
        3123          68
        3124          68
        3125          90
        3126          74
        3127          68
        3128          79
        3129          71
        3130          52
        3131          66
        3132          81
        3133          64
        3134          75
        3135          74
        3136          71
        3137          81
        3138          80
        3139          79
        3140          65
        3141          86
        3142          66
        3143          82
        3144          92
        3145          58
        3146          83
        3147          39
        3148          76
        3149          62
        3150          67
        3151          66
        3152          66
        3153          75
        3154          78
        3155          75
        3156          68
        3157          65
        3158          64
        3159          65
        3160          75
        3161          64
        3162          75
        3163          79
        3164          61
        3165          66
        3166          72
        3167          70
        3168          54
        3169          65
        3170          74
        3171          60
        3172          82
        3173          83
        3174          64
        3175          76
        3176          63
        3177          59
        3178          72
        3179          25
        3180          46
        3181          62
        3182          45
        3183          59
        3184          65
        3185          67
        3186          66
        3187          77
        3188          67
        3189          46
        3190          55
        3191          55
        3192          78
        3193          66
        3194          67
        3195          68
        3196          65
        3197          80
        3198          71
        3199          74
        3200          45
        3201          69
        3202          73
        3203          50
        3204          79
        3205          68
        3206          60
        3207          42
        3208          62
        3209          59
        3210          65
        3211          86
        3212          74
        3213          69
        3214          71
        3215          74
        3216          65
        3217          66
        3218          74
        3219          64
        3220          72
        3221          82
        3222          79
        3223          58
        3224          72
        3225          56
        3226          70
        3227          79
        3228          82
        3229          63
        3230          79
        3231          64
        3232          69
        3233          73
        3234          75
        3235          63
        3236          66
        3237          60
        3238          58
        3239          55
        3240          74
        3241          64
        3242          82
        3243          76
        3244          58
        3245          68
        3246          58
        3247          45
        3248          39
        3249          47
        3250          66
        3251          65
        3252          63
        3253          60
        3254          69
        3255          60
        3256          68
        3257          65
        3258          95
        3259          70
        3260          65
        3261          66
        3262          74
        3263          59
        3264          80
        3265          68
        3266          53
        3267          80
        3268          32
        3269          65
        3270          44
        3271          72
        3272          48
        3273          75
        3274          58
        3275          64
        3276          73
        3277          68
        3278          72
        3279          85
        3280          48
        3281          66
        3282          84
        3283          72
        3284          62
        3285          65
        3286          82
        3287          65
        3288          81
        3289          72
        3290          67
        3291          50
        3292          69
        3293          81
        3294          53
        3295          57
        3296          63
        3297          68
        3298          57
        3299          69
        3300          66
        3301          73
        3302          62
        3303          53
        3304          61
        3305          73
        3306          42
        3307          63
        3308          52
        3309          58
        3310          69
        3311          61
        3312          72
        3313          72
        3314          75
        3315          67
        3316          57
        3317          68
        3318          64
        3319          63
        3320          72
        3321          66
        3322          58
        3323          65
        3324          71
        3325          54
        3326          49
        3327          59
        3328          55
        3329          44
        3330          52
        3331          64
        3332          58
        3333          75
        3334          58
        3335          62
        3336          72
        3337          66
        3338          67
        3339          74
        3340          55
        3341          68
        3342          73
        3343          68
        3344          55
        3345          66
        3346          59
        3347          40
        3348          61
        3349          60
        3350          47
        3351          63
        3352          70
        3353          77
        3354          68
        3355          51
        3356          66
        3357          64
        3358          59
        3359          58
        3360          54
        3361          55
        3362          64
        3363          63
        3364          62
        3365          68
        3366          62
        3367          60
        3368          69
        3369          66
        3370          61
        3371          62
        3372          60
        3373          62
        3374          61
        3375          68
        3376          74
        3377          62
        3378          61
        3379          52
        3380          70
        3381          72
        3382          59
        3383          51
        3384          60
        3385          69
        3386          60
        3387          37
        3388          75
        3389          63
        3390          65
        3391          66
        3392          63
        3393          59
        3394          50
        3395          49
        3396          67
        3397          59
        3398          54
        3399          47
        3400          63
        3401          73
        3402          42
        3403          56
        3404          67
        3405          75
        3406          56
        3407          65
        3408          55
        3409          62
        3410          68
        3411          55
        3412          53
        3413          48
        3414          71
        3415          65
        3416          65
        3417          51
        3418          29
        3419          64
        3420          30
        3421          79
        3422          70
        3423          57
        3424          73
        3425          66
        3426          64
        3427          46
        3428          57
        3429          37
        3430          59
        3431          60
        3432          58
        3433          48
        3434          62
        3435          59
        3436          57
        3437          64
        3438          65
        3439          56
        3440          60
        3441          54
        3442          48
        3443          62
        3444          51
        3445          71
        3446          65
        3447          41
        3448          64
        3449          53
        3450          67
        3451          59
        3452          47
        3453          62
        3454          50
        3455          65
        3456          54
        3457          54
        3458          58
        3459          47
        3460          50
        3461          59
        3462          57
        3463          57
        3464          64
        3465          39
        3466          56
        3467          32
        3468          49
        3469          37
        3470          32
        3471          69
        3472          66
        3473          29
        3474          56
        3475          51
        3476          64
        3477          61
        3478          65
        3479          72
        3480          58
        1865         137
        1866         146
        1867         131
        1868         133
        1869         144
        1870         143
        1871         149
        1872         137
        1873         112
        1874         108
        1875          55
        1876         136
        1877         140
        1878         140
        1879         148
        1880         149
        1881         133
        1882         117
        1883         138
        1884          64
        1885         130
        1886         136
        1887         118
        1888         137
        1889         126
        1890         120
        1891         124
        1892         140
        1893         139
        1894         124
        1895         124
        1896         133
        1897         131
        1898         142
        1899         144
        1900         117
        1901         138
        1902         155
        1903         128
        1904         110
        1905         133
        1906         142
        1907         121
        1908         134
        1909         136
        1910         130
        1911         115
        1912         133
        1913         131
        1914         118
        1915         125
        1916         120
        1917         156
        1918         131
        1919         127
        1920         137
        1921         141
        1922         106
        1923         113
        1924         144
        1925         135
        1926         135
        1927         149
        1928         137
        1929         144
        1930         105
        1931         128
        1932         119
        1933         138
        1934         131
        1935         147
        1936         147
        1937         132
        1938         137
        1939         122
        1940         107
        1941          93
        1942         155
        1943         144
        1944         134
        1945         138
        1946         132
        1947         137
        1948         132
        1949         136
        1950         103
        1951         139
        1952         140
        1953         132
        1954         125
        1955          70
        1956         141
        1957         134
        1958         136
        1959         104
        1960         137
        1961         137
        1962         111
        1963         126
        1964         131
        1965         135
        1966         125
        1967         122
        1968          95
        1969          96
        1970         114
        1971         136
        1972         120
        1973         104
        1974         112
        1975         121
        1976         134
        1977         137
        1978         108
        1979         132
        1980         134
        1981         113
        1982          83
        1983         127
        1984          92
        1985         136
        1986         128
        1987         135
        1988         123
        1989         128
        1990         124
        1991         131
        1992         115
        1993         138
        1994         132
        1995         131
        1996         126
        1997          92
        1998         127
        1999         132
        2000         130
        2001         119
        2002         127
        2003         127
        2004         130
        2005         122
        2006         135
        2007         124
        2008         113
        2009         115
        2010         117
        2011         135
        2012         109
        2013         121
        2014         128
        2015         132
        2016         144
        2017         124
        2018         105
        2019         108
        2020         128
        2021         144
        2022         115
        2023         131
        2024         138
        2025         115
        2026         125
        2027         107
        2028         118
        2029         132
        2030         123
        2031         135
        2032         146
        2033         117
        2034         151
        2035         110
        2036         125
        2037          98
        2038         128
        2039         132
        2040          70
        2041         112
        2042          99
        2043         129
        2044         128
        2045         130
        2046         130
        2047         126
        2048         121
        2049         120
        2050         100
        2051         134
        2052         133
        2053         110
        2054         128
        2055         114
        2056         131
        2057         136
        2058         112
        2059         103
        2060         138
        2061         132
        2062         121
        2063         122
        2064         133
        2065         104
        2066         130
        2067          99
        2068         143
        2069         133
        2070         142
        2071         128
        2072         127
        2073         121
        2074         122
        2075         115
        2076         111
        2077         118
        2078         128
        2079         128
        2080         118
        2081         126
        2082         140
        2083         125
        2084         130
        2085         135
        2086         138
        2087         127
        2088         133
        2089         122
        2090         128
        2091         120
        2092         107
        2093         127
        2094         110
        2095         135
        2096         114
        2097         130
        2098         109
        2099         129
        2100          99
        2101         101
        2102         117
        2103         125
        2104         112
        2105         108
        2106         125
        2107         118
        2108          92
        2109         111
        2110         124
        2111         138
        2112         130
        2113         124
        2114         103
        2115         132
        2116         132
        2117         129
        2118         115
        2119         142
        2120         129
        2121         112
        2122         131
        2123         130
        2124         109
        2125         131
        2126         113
        2127         119
        2128         126
        2129         101
        2130         116
        2131         114
        2132         140
        2133         126
        2134          65
        2135         107
        2136          49
        2137         113
        2138          98
        2139         108
        2140         119
        2141         121
        2142          93
        2143         115
        2144         122
        2145         129
        2146         135
        2147         109
        2148         144
        2149         112
        2150         137
        2151         108
        2152         126
        2153         129
        2154         129
        2155         124
        2156         101
        2157         139
        2158         117
        2159         151
        2160         126
        2161         124
        2162         115
        2163         122
        2164         138
        2165         124
        2166         128
        2167         117
        2168         135
        2169         103
        2170         104
        2171         123
        2172         122
        2173         125
        2174         132
        2175         125
        2176         134
        2177         123
        2178         139
        2179         105
        2180         127
        2181         113
        2182         123
        2183         128
        2184         116
        2185          97
        2186         125
        2187         104
        2188         150
        2189         121
        2190         126
        2191         105
        2192         125
        2193          74
        2194         134
        2195         120
        2196         124
        2197         120
        2198         115
        2199         121
        2200          88
        2201         114
        2202         108
        2203         119
        2204         126
        2205         110
        2206         144
        2207         115
        2208          89
        2209         113
        2210         131
        2211         120
        2212         124
        2213         104
        2214         107
        2215         114
        2216         121
        2217         142
        2218         116
        2219         109
        2220         120
        2221         122
        2222         114
        2223         116
        2224         119
        2225         118
        2226         116
        2227         125
        2228         119
        2229         118
        2230         113
        2231         117
        2232         142
        2233         114
        2234         114
        2235         119
        2236         109
        2237          84
        2238         118
        2239          77
        2240         102
        2241         128
        2242          95
        2243         107
        2244         136
        2245         127
        2246         116
        2247         122
        2248         128
        2249         121
        2250          92
        2251         134
        2252         118
        2253         111
        2254         121
        2255         107
        2256          87
        2257         119
        2258         119
        2259         129
        2260         115
        2261         123
        2262         122
        2263         129
        2264         111
        2265         111
        2266          81
        2267         123
        2268          99
        2269         108
        2270         116
        2271         117
        2272         113
        2273         123
        2274         123
        2275         101
        2276         119
        2277         117
        2278         103
        2279         129
        2280         109
        2281          83
        2282         126
        2283         116
        2284         114
        2285         121
        2286         119
        2287          73
        2288         118
        2289         103
        2290         130
        2291          85
        2292         100
        2293         113
        2294         111
        2295         129
        2296         120
        2297         101
        2298          87
        2299         122
        2300         118
        2301          95
        2302          84
        2303         106
        2304         114
        2305         116
        2306         104
        2307         110
        2308         111
        2309         115
        2310         123
        2311         123
        2312         108
        2313         103
        2314         102
        2315         114
        2316         124
        2317         112
        2318         110
        2319          78
        2320         127
        2321          97
        2322         122
        2323         116
        2324         119
        2325         113
        2326         112
        2327         109
        2328         145
        2329         121
        2330         116
        2331         103
        2332         120
        2333         114
        2334         109
        2335          90
        2336         124
        2337         111
        2338         113
        2339          71
        2340          92
        2341         101
        2342          93
        2343         113
        2344         103
        2345         120
        2346         120
        2347         106
        2348         120
        2349         125
        2350         110
        2351         102
        2352          93
        2353         108
        2354         118
        2355         108
        2356          94
        2357         121
        2358         118
        2359         101
        2360          85
        2361         110
        2362         115
        2363         108
        2364         106
        2365          95
        2366         120
        2367         125
        2368         117
        2369          80
        2370         106
        2371         114
        2372          98
        2373         108
        2374         135
        2375         111
        2376         102
