        4061          22
        4062          30
        4063          30
        4064          25
        4065          27
        4066          26
        4067          21
        4068          27
        4069          29
        4070          43
        4071          29
        4072          18
        4073          27
        4074          23
        4075          19
        4076          25
        4077          31
        4078          27
        4079          23
        4080          30
        4081          41
        4082          28
        4083          31
        4084          30
        4085          30
        4086          19
        4087          33
        4088          27
        4089          28
        4090          34
        4091          15
        4092          19
        4093          22
        4094          16
        4095          36
        4096          31
        4097          24
        4098          19
        4099          22
        4100          21
        4101          17
        4102          32
        4103          13
        4104          25
        4105          24
        4106          37
        4107          18
        4108          21
        4109          31
        4110          24
        4111          27
        4112          30
        4113          31
        4114          21
        4115          21
        4116          28
        4117          20
        4118          28
        4119          25
        4120          22
        4121          26
        4122          27
        4123          28
        4124           9
        4125          25
        4126          27
        4127          28
        4128          28
        4129          30
        4130          31
        4131          25
        4132          26
        4133          28
        4134          22
        4135          16
        4136          25
        4137          17
        4138          29
        4139          36
        4140          29
        4141          30
        4142          14
        4143          18
        4144          18
        4145          26
        4146          25
        4147          13
        4148          15
        4149          17
        4150          26
        4151          18
        4152          29
        4153          27
        4154          28
        4155          25
        4156          18
        4157          27
        4158          20
        4159          22
        4160          22
        4161          17
        4162          24
        4163           5
        4164          26
        4165          24
        4166          31
        4167          20
        4168          17
        4169          25
        4170          22
        4171          28
        4172          23
        4173          25
        4174          16
        4175          26
        4176          25
        4177          10
        4178          19
        4179          30
        4180          24
        4181          18
        4182          32
        4183          30
        4184          31
        4185          24
        4186          22
        4187          11
        4188          18
        4189          16
        4190          16
        4191          24
        4192          25
        4193          24
        4194          23
        4195          28
        4196          18
        4197          29
        4198          30
        4199          20
        4200          16
        4201          24
        4202          17
        4203          30
        4204          21
        4205          16
        4206          15
        4207          29
        4208          20
        4209          22
        4210          19
        4211          19
        4212          23
        4213          23
        4214          29
        4215          24
        4216          16
        4217          24
        4218          21
        4219          19
        4220          21
        4221          25
        4222          20
        4223          19
        4224          17
        4225          19
        4226          18
        4227          26
        4228          18
        4229          19
        4230          19
        4231          14
        4232          17
        4233           9
        4234          14
        4235          25
        4236          22
        4237          27
        4238          25
        4239          25
        4240          15
        4241          27
        4242          21
        4243          18
        4244          15
        4245          24
        4246          18
        4247          21
        4248          21
        4249          22
        4250          13
        4251          16
        4252          14
        4253          16
        4254          21
        4255          14
        4256          27
        4257          19
        4258          22
        4259           8
        4260          19
        4261          18
        4262          24
        4263          15
        4264          18
        4265          21
        4266          25
        4267          14
        4268          30
        4269          19
        4270          22
        4271          18
        4272          11
        4273          20
        4274          19
        4275          15
        4276          25
        4277          23
        4278          14
        4279          14
        4280          18
        4281          19
        4282          14
        4283          15
        4284          18
        4285          17
        4286          14
        4287          24
        4288          14
        4289          13
        4290          17
        4291          15
        4292          23
        4293          20
        4294          16
        4295          10
        4296          10
        4297          17
        4298          19
        4299          23
        4300          27
        4301           8
        4302          17
        4303          10
        4304          18
        4305          17
        4306          24
        4307          13
        4308          20
        4309          21
        4310          16
        4311          20
        4312          13
        4313          10
        4314          11
        4315          12
        4316          10
        4317          18
        4318          15
        4319           4
        4320          11
        4321          16
        4322          11
        4323          17
        4324          12
        4325          17
        4326          15
        4327           7
        4328          21
        4329          19
        4330          14
        4331           8
        4332          19
        4333          19
        4334          21
        4335          18
        4336          14
        4337          11
        4338          21
        4339          13
        4340          15
        4341          14
        4342          15
        4343          18
        4344          16
        4345          19
        4346          16
        4347          15
        4348          13
        4349          14
        4350          21
        4351          12
        4352           9
        4353          10
        4354          19
        4355           5
        4356          11
        4357          10
        4358          14
        4359          20
        4360          13
        4361           8
        4362          15
        4363          25
        4364          14
        4365          13
        4366           6
        4367          15
        4368           7
        4369          14
        4370           8
        4371          10
        4372          10
        4373          11
        4374          14
        4375          16
        4376          19
        4377          13
        4378          15
        4379          14
        4380          16
        4381          10
        4382          16
        4383          20
        4384          12
        4385          12
        4386           9
        4387          16
        4388          11
        4389          15
        4390          13
        4391          13
        4392          16
        4393          10
        4394          11
        4395           9
        4396           5
        4397          10
        4398          22
        4399           7
        4400          14
        4401          12
        4402          10
        4403           5
        4404          13
        4405           9
        4406          13
        4407           8
        4408           8
        4409           6
        4410          17
        4411          12
        4412          16
        4413          11
        4414          18
        4415           6
        4416           7
        4417          11
        4418           9
        4419          10
        4420           9
        4421          10
        4422          14
        4423          10
        4424           5
        4425           9
        4426          14
        4427          10
        4428          12
        4429           9
        4430          17
        4431          12
        4432          11
        4433           8
        4434          11
        4435           8
        4436          10
        4437          11
        4438           7
        4439           5
        4440           7
        4441          15
        4442           9
        4443          11
        4444           8
        4445           8
        4446           5
        4447          22
        4448           4
        4449          10
        4450          12
        4451          15
        4452           5
        4453           5
        4454           9
        4455          11
        4456           3
        4457          10
        4458          15
        4459          12
        4460           9
        4461          11
        4462          10
        4463           7
        4464          12
        4465          13
        4466           7
        4467           6
        4468           9
        4469           8
        4470          16
        4471           7
        4472           9
        4473           1
        4474           4
        4475           7
        4476          13
        4477           9
        4478           9
        4479          12
        4480           5
        4481           9
        4482           4
        4483           7
        4484           8
        4485           5
        4486           0
        4487           9
        4488           9
        4489          14
        4490           4
        4491          10
        4492           9
        4493           8
        4494           4
        4495           6
        4496          10
        4497           7
        4498           8
        4499          11
        4500           9
        4501           4
        4502           2
        4503           5
        4504           6
        4505           8
        4506           7
        4507           9
        4508           9
        4509          11
        4510           6
        4511           9
        4512           2
        4513           9
        4514           8
        4515           8
        4516           8
        4517          10
        4518           7
        4519           6
        4520           6
        4521           9
        4522           3
        4523           6
        4524           7
        4525           5
        4526           5
        4527           2
        4528          11
        4529           8
        4530           4
        4531           6
        4532           6
        4533           2
        4534           0
        4535           2
        4536           3
        4537           3
        4538           3
        4539           4
        4540           5
        4541           4
        4542           3
        4543           4
        4544           5
        4545           5
        4546           7
        4547           4
        4548           8
        4549           5
        4550           1
        4551           2
        4552           2
        4553           5
        4554           4
        4555           2
        4556           3
        4557           5
        4558          11
        4559           3
        4560           5
        4561           3
        4562           7
        4563           4
        4564           6
        4565           3
        4566           1
        4567           9
        4568           1
        4569           6
        4570           3
        4571           6
        4572           1
        4573           5
        4574           3
        4575           1
        4576           2
        4577           7
        4578           7
        4579           5
        4580           1
        4581           7
        4582           1
        4583           5
        4584           3
        4585           4
        4586           3
        4587           3
        4588           3
        4589           4
        4590           3
        4591           6
        4592           3
        4593           3
        4594           4
        4595           4
        4596           2
        4597           2
        4598           0
        4599           3
        4600           3
        4601           3
        4602           3
        4603           1
        4604           2
        4605           2
        4606           3
        4607           3
        4608           2
        4609           4
        4610           1
        4611           2
        4612           1
        4613           0
        4614           3
        4615           0
        4616           0
        4617           1
        4618           1
        4619           0
        4620           2
        4621           0
        4622           2
        4623           1
        4624           0
        4625           3
        4626           1
        4627           0
        4628           0
        4629           0
        4630           1
        4631           1
        4632           1
        4633           0
        4634           0
        4635           0
        4636           0
        4637           0
        4638           1
        4639           0
        4640           0
        4641           0
        4642           1
        4643           0
        4644           0
        4645           0
        3046          81
        3047          69
        3048          75
        3049          85
        3050          77
        3051          82
        3052          76
        3053          84
        3054          86
        3055          77
        3056          76
        3057          55
        3058          86
        3059          29
        3060          87
        3061          71
        3062          83
        3063          94
        3064          58
        3065          77
        3066          69
        3067          61
        3068          77
        3069          71
        3070          55
        3071          76
        3072          76
        3073          87
        3074          69
        3075          62
        3076          74
        3077          76
        3078          53
        3079          82
        3080          75
        3081          67
        3082          81
        3083          85
        3084          72
        3085          81
        3086          77
        3087          77
        3088          78
        3089          64
        3090          64
        3091          92
        3092          81
        3093          53
        3094          80
        3095          71
        3096          79
        3097          60
        3098          54
        3099          72
        3100          58
        3101          75
        3102          74
        3103          66
        3104          83
        3105          84
        3106          83
        3107          79
        3108          75
        3109          67
        3110          72
        3111          88
        3112          61
        3113          65
        3114          73
        3115          80
        3116          48
        3117          83
        3118          67
        3119          67
        3120          50
        3121          55
        3122          52
        3123          68
        3124          68
        3125          90
        3126          74
        3127          68
        3128          79
        3129          71
        3130          52
        3131          66
        3132          81
        3133          64
        3134          75
        3135          74
        3136          71
        3137          81
        3138          80
        3139          79
        3140          65
        3141          86
        3142          66
        3143          82
        3144          92
        3145          58
        3146          83
        3147          39
        3148          76
        3149          62
        3150          67
        3151          66
        3152          66
        3153          75
        3154          78
        3155          75
        3156          68
        3157          65
        3158          64
        3159          65
        3160          75
        3161          64
        3162          75
        3163          79
        3164          61
        3165          66
        3166          72
        3167          70
        3168          54
        3169          65
        3170          74
        3171          60
        3172          82
        3173          83
        3174          64
        3175          76
        3176          63
        3177          59
        3178          72
        3179          25
        3180          46
        3181          62
        3182          45
        3183          59
        3184          65
        3185          67
        3186          66
        3187          77
        3188          67
        3189          46
        3190          55
        3191          55
        3192          78
        3193          66
        3194          67
        3195          68
        3196          65
        3197          80
        3198          71
        3199          74
        3200          45
        3201          69
        3202          73
        3203          50
        3204          79
        3205          68
        3206          60
        3207          42
        3208          62
        3209          59
        3210          65
        3211          86
        3212          74
        3213          69
        3214          71
        3215          74
        3216          65
        3217          66
        3218          74
        3219          64
        3220          72
        3221          82
        3222          79
        3223          58
        3224          72
        3225          56
        3226          70
        3227          79
        3228          82
        3229          63
        3230          79
        3231          64
        3232          69
        3233          73
        3234          75
        3235          63
        3236          66
        3237          60
        3238          58
        3239          55
        3240          74
        3241          64
        3242          82
        3243          76
        3244          58
        3245          68
        3246          58
        3247          45
        3248          39
        3249          47
        3250          66
        3251          65
        3252          63
        3253          60
        3254          69
        3255          60
        3256          68
        3257          65
        3258          95
        3259          70
        3260          65
        3261          66
        3262          74
        3263          59
        3264          80
        3265          68
        3266          53
        3267          80
        3268          32
        3269          65
        3270          44
        3271          72
        3272          48
        3273          75
        3274          58
        3275          64
        3276          73
        3277          68
        3278          72
        3279          85
        3280          48
        3281          66
        3282          84
        3283          72
        3284          62
        3285          65
        3286          82
        3287          65
        3288          81
        3289          72
        3290          67
        3291          50
        3292          69
        3293          81
        3294          53
        3295          57
        3296          63
        3297          68
        3298          57
        3299          69
        3300          66
        3301          73
        3302          62
        3303          53
        3304          61
        3305          73
        3306          42
        3307          63
        3308          52
        3309          58
        3310          69
        3311          61
        3312          72
        3313          72
        3314          75
        3315          67
        3316          57
        3317          68
        3318          64
        3319          63
        3320          72
        3321          66
        3322          58
        3323          65
        3324          71
        3325          54
        3326          49
        3327          59
        3328          55
        3329          44
        3330          52
        3331          64
        3332          58
        3333          75
        3334          58
        3335          62
        3336          72
        3337          66
        3338          67
        3339          74
        3340          55
        3341          68
        3342          73
        3343          68
        3344          55
        3345          66
        3346          59
        3347          40
        3348          61
        3349          60
        3350          47
        3351          63
        3352          70
        3353          77
        3354          68
        3355          51
        3356          66
        3357          64
        3358          59
        3359          58
        3360          54
        3361          55
        3362          64
        3363          63
        3364          62
        3365          68
        3366          62
        3367          60
        3368          69
        3369          66
        3370          61
        3371          62
        3372          60
        3373          62
        3374          61
        3375          68
        3376          74
        3377          62
        3378          61
        3379          52
        3380          70
        3381          72
        3382          59
        3383          51
        3384          60
        3385          69
        3386          60
        3387          37
        3388          75
        3389          63
        3390          65
        3391          66
        3392          63
        3393          59
        3394          50
        3395          49
        3396          67
        3397          59
        3398          54
        3399          47
        3400          63
        3401          73
        3402          42
        3403          56
        3404          67
        3405          75
        3406          56
        3407          65
        3408          55
        3409          62
        3410          68
        3411          55
        3412          53
        3413          48
        3414          71
        3415          65
        3416          65
        3417          51
        3418          29
        3419          64
        3420          30
        3421          79
        3422          70
        3423          57
        3424          73
        3425          66
        3426          64
        3427          46
        3428          57
        3429          37
        3430          59
        3431          60
        3432          58
        3433          48
        3434          62
        3435          59
        3436          57
        3437          64
        3438          65
        3439          56
        3440          60
        3441          54
        3442          48
        3443          62
        3444          51
        3445          71
        3446          65
        3447          41
        3448          64
        3449          53
        3450          67
        3451          59
        3452          47
        3453          62
        3454          50
        3455          65
        3456          54
        3457          54
        3458          58
        3459          47
        3460          50
        3461          59
        3462          57
        3463          57
        3464          64
        3465          39
        3466          56
        3467          32
        3468          49
        3469          37
        3470          32
        3471          69
        3472          66
        3473          29
        3474          56
        3475          51
        3476          64
        3477          61
        3478          65
        3479          72
        3480          58
        3481          52
        3482          55
        3483          57
        3484          57
        3485          65
        3486          52
        3487          62
        3488          64
        3489          62
        3490          50
        3491          60
        3492          48
        3493          60
        3494          60
        3495          41
        3496          52
        3497          52
        3498          59
        3499          62
        3500          65
        3501          45
        3502          53
        3503          61
        3504          53
        3505          52
        3506          68
        3507          56
        3508          40
        3509          43
        3510          42
        3511          55
        3512          50
        3513          54
        3514          57
        3515          38
        3516          58
        3517          56
        3518          54
        3519          45
        3520          45
        3521          65
        3522          57
        3523          47
        3524          62
        3525          35
        3526          55
        3527          54
        3528          62
        3529          46
        3530          52
        3531          70
        3532          51
        3533          62
        3534          63
        3535          58
        3536          53
        3537          57
        3538          64
        3539          54
        3540          53
        3541          62
        3542          30
        3543          57
        3544          41
        3545          45
        3546          57
        3547          51
        3548          53
        3549          35
        3550          57
        3551          48
        3552          44
        3553          55
        3554          51
        3555          67
        3556          44
        3557          63
        3558          56
        3559          47
        3560          52
        3561          61
        3562          64
        3563          53
        3564          41
        3565          45
        3566          48
        3567          59
        3568          38
        3569          26
        3570          52
        3571          56
        3572          46
        3573          55
        3574          41
        3575          54
        3576          58
        3577          53
        3578          42
        3579          33
        3580          42
        3581          51
        3582          59
        3583          66
        3584          45
        3585          47
        3586          64
        3587          59
        3588          57
        3589          58
        3590          62
        3591          40
        3592          46
        3593          41
        3594          36
        3595          54
        3596          41
        3597          53
        3598          33
        3599          65
        3600          54
        3601          42
        3602          54
        3603          51
        3604          46
        3605          50
        3606          53
        3607          51
        3608          52
        3609          43
        3610          57
        3611          54
        3612          54
        3613          49
        3614          45
        3615          38
        3616          64
        3617          48
        3618          51
        3619          39
        3620          53
        3621          51
        3622          45
        3623          50
        3624          38
        3625          41
        3626          30
        3627          44
        3628          49
        3629          58
        3630          51
        3631          58
        3632          43
        3633          53
        3634          50
        3635          58
        3636          39
        3637          49
        3638          47
        3639          56
        3640          44
        3641          44
        3642          42
        3643          54
        3644          47
        3645          48
        3646          50
        3647          52
        3648          45
        3649          32
        3650          47
        3651          34
        3652          46
        3653          46
        3654          53
        3655          51
        3656          52
        3657          47
        3658          52
        3659          60
        3660          35
        3661          46
        3662          43
        3663          32
        3664          40
        3665          45
        3666          50
        3667          51
        3668          37
        3669          51
        3670          35
        3671          37
        3672          36
        3673          51
        3674          27
        3675          51
        3676          55
        3677          43
        3678          44
        3679          55
        3680          49
        3681          56
        3682          48
        3683          45
        3684          37
        3685          54
        3686          51
        3687          47
        3688          44
        3689          54
        3690          36
        3691          39
        3692          43
        3693          50
        3694          40
        3695          44
        3696          33
        3697          42
        3698          47
        3699          51
        3700          46
        3701          47
        3702          46
        3703          50
        3704          48
        3705          40
        3706          41
        3707          50
        3708          41
        3709          46
        3710          30
        3711          57
        3712          28
        3713          32
        3714          36
        3715          42
        3716          46
        3717          45
        3718          47
        3719          26
        3720          42
        3721          50
        3722          49
        3723          53
        3724          26
        3725          47
        3726          39
        3727          39
        3728          43
        3729          56
        3730          47
        3731          54
        3732          45
        3733          59
        3734          40
        3735          54
        3736          29
        3737          39
        3738          39
        3739          45
        3740          17
        3741          46
        3742          51
        3743          52
        3744          41
        3745          47
        3746          31
        3747          31
        3748          44
        3749          30
        3750          49
        3751          39
        3752          39
        3753          43
        3754          34
        3755          46
        3756          27
        3757          47
        3758          40
        3759          48
        3760          41
        3761          40
        3762          33
        3763          54
        3764          40
        3765          48
        3766          30
        3767          38
        3768          39
        3769          50
        3770          29
        3771          40
        3772          29
        3773          49
        3774          48
        3775          47
        3776          43
        3777          41
        3778          40
        3779          38
        3780          49
        3781          38
        3782          36
        3783          43
        3784          52
        3785          22
        3786          49
        3787          45
        3788          41
        3789          48
        3790          33
        3791          54
        3792          29
        3793          39
        3794          48
        3795          43
        3796          45
        3797          37
        3798          36
        3799          38
        3800          51
        3801          36
        3802          35
        3803          32
        3804          38
        3805          52
        3806          38
        3807          45
        3808          51
        3809          53
        3810          39
        3811          41
        3812          42
        3813          41
        3814          41
        3815          51
        3816          55
        3817          45
        3818          33
        3819          39
        3820          56
        3821          26
        3822          39
        3823          41
        3824          36
        3825          35
        3826          45
        3827          44
        3828          20
        3829          40
        3830          41
        3831          43
        3832          28
        3833          40
        3834          40
        3835          42
        3836          40
        3837          30
        3838          30
        3839          38
        3840          35
        3841          45
        3842          35
        3843          39
        3844          39
        3845          25
        3846          43
        3847          37
        3848          47
        3849          35
        3850          39
        3851          46
        3852          39
        3853          27
        3854          30
        3855          34
        3856          39
        3857          33
        3858          35
        3859          31
        3860          24
        3861          43
        3862          43
        3863          45
        3864          45
        3865          33
        3866          42
        3867          41
        3868          32
        3869          45
        3870          44
        3871          39
        3872          50
        3873          36
        3874          50
        3875          30
        3876          32
        3877          35
        3878          31
        3879          47
        3880          39
        3881          45
        3882          36
        3883          61
        3884          37
        3885          46
        3886          39
        3887          50
        3888          37
        3889          33
        3890          43
        3891          47
        3892          40
        3893          36
        3894          39
        3895          48
        3896          27
        3897          45
        3898          43
        3899          36
        3900          37
        3901          52
        3902          39
        3903          17
        3904          28
        3905          46
        3906          36
        3907          45
        3908          41
        3909          27
        3910          22
        3911          35
        3912          39
        3913          38
        3914          27
        3915          37
        3916          35
        3917          32
        3918          41
        3919          42
        3920          49
        3921          27
        3922          29
        3923          29
        3924          28
        3925          27
        3926          31
        3927          31
        3928          29
        3929          40
        3930          39
        3931          27
        3932          41
        3933          36
        3934          38
        3935          49
        3936          21
        3937          28
        3938          38
        3939          29
        3940          41
        3941          34
        3942          21
        3943          40
        3944          28
        3945          28
        3946          39
        3947          30
        3948          28
        3949          34
        3950          28
        3951          32
        3952          35
        3953          27
        3954          28
        3955          28
        3956          39
        3957          31
        3958          37
        3959          18
        3960          28
        3961          25
        3962          36
        3963          39
        3964          42
        3965          37
        3966          36
        3967          24
        3968          32
        3969          28
        3970          38
        3971          36
        3972          36
        3973          41
        3974          47
        3975          35
        3976          37
        3977          28
        3978          31
        3979          21
        3980          31
        3981          34
        3982          35
        3983          23
        3984          33
        3985          27
        3986          36
        3987          33
        3988          30
        3989          25
        3990          32
        3991          35
        3992          25
        3993          19
        3994          33
        3995          27
        3996          28
        3997          36
        3998          31
        3999          48
        4000          16
        4001          38
        4002          22
        4003          38
        4004          22
        4005          28
        4006          23
        4007          41
        4008          35
        4009          22
        4010          29
        4011          38
        4012          29
        4013          31
        4014          41
        4015          20
        4016          34
        4017          42
        4018          33
        4019          35
        4020          26
        4021          27
        4022          24
        4023          40
        4024          39
        4025          27
        4026          35
        4027          30
        4028          39
        4029          29
        4030          27
        4031          31
        4032          26
        4033          29
        4034          29
        4035          24
        4036          34
        4037          17
        4038          21
        4039          33
        4040          40
        4041          31
        4042          23
        4043          21
        4044          18
        4045          29
        4046          24
        4047          23
        4048          27
        4049          38
        4050          25
        4051          28
        4052          38
        4053          27
        4054          31
        4055          33
        4056          16
        4057          27
        4058          17
        4059          34
        4060          19
        4061          22
        4062          30
        4063          30
        4064          25
        4065          27
        4066          26
        4067          21
        4068          27
        4069          29
        4070          43
        4071          29
        4072          18
        4073          27
        4074          23
        4075          19
        4076          25
        4077          31
        4078          27
        4079          23
        4080          30
        4081          41
        4082          28
        4083          31
        4084          30
        4085          30
        4086          19
        4087          33
        4088          27
        4089          28
        4090          34
        4091          15
        4092          19
        4093          22
        4094          16
        4095          36
        4096          31
        4097          24
        4098          19
        4099          22
        4100          21
        4101          17
        4102          32
        4103          13
        4104          25
        4105          24
        4106          37
        4107          18
        4108          21
        4109          31
        4110          24
        4111          27
        4112          30
        4113          31
        4114          21
        4115          21
        4116          28
        4117          20
        4118          28
        4119          25
        4120          22
        4121          26
        4122          27
        4123          28
        4124           9
        4125          25
        4126          27
        4127          28
        4128          28
        4129          30
        4130          31
        4131          25
        4132          26
        4133          28
        4134          22
        4135          16
        4136          25
        4137          17
        4138          29
        4139          36
        4140          29
        4141          30
        4142          14
        4143          18
        4144          18
        4145          26
        4146          25
        4147          13
        4148          15
        4149          17
        4150          26
        4151          18
        4152          29
        4153          27
        4154          28
        4155          25
        4156          18
        4157          27
        4158          20
        4159          22
        4160          22
        4161          17
        4162          24
        4163           5
        4164          26
        4165          24
        4166          31
        4167          20
        4168          17
        4169          25
        4170          22
        4171          28
        4172          23
        4173          25
        4174          16
        4175          26
        4176          25
        4177          10
        4178          19
        4179          30
        4180          24
        4181          18
        4182          32
        4183          30
        4184          31
        4185          24
        4186          22
        4187          11
        4188          18
        4189          16
        4190          16
        4191          24
        4192          25
        4193          24
        4194          23
        4195          28
        4196          18
        4197          29
        4198          30
        4199          20
        4200          16
        4201          24
        4202          17
        4203          30
        4204          21
        4205          16
        4206          15
        4207          29
        4208          20
        4209          22
        4210          19
        4211          19
        4212          23
        4213          23
        4214          29
        4215          24
        4216          16
        4217          24
        4218          21
        4219          19
        4220          21
        4221          25
        4222          20
        4223          19
        4224          17
        4225          19
        4226          18
        4227          26
        4228          18
        4229          19
        4230          19
        4231          14
        4232          17
        4233           9
        4234          14
        4235          25
        4236          22
        4237          27
        4238          25
        4239          25
        4240          15
        4241          27
        4242          21
        4243          18
        4244          15
        4245          24
        4246          18
        4247          21
        4248          21
        4249          22
        4250          13
        4251          16
        4252          14
        4253          16
        4254          21
        4255          14
        4256          27
        4257          19
        4258          22
        4259           8
        4260          19
        4261          18
        4262          24
        4263          15
        4264          18
        4265          21
        4266          25
        4267          14
        4268          30
        4269          19
        4270          22
        4271          18
        4272          11
        4273          20
        4274          19
        4275          15
        4276          25
        4277          23
        4278          14
        4279          14
        4280          18
        4281          19
        4282          14
        4283          15
        4284          18
        4285          17
        4286          14
        4287          24
        4288          14
        4289          13
        4290          17
        4291          15
        4292          23
        4293          20
        4294          16
        4295          10
        4296          10
        4297          17
        4298          19
        4299          23
        4300          27
        4301           8
        4302          17
        4303          10
        4304          18
        4305          17
        4306          24
        4307          13
        4308          20
        4309          21
        4310          16
        4311          20
        4312          13
        4313          10
        4314          11
        4315          12
        4316          10
        4317          18
        4318          15
        4319           4
        4320          11
        4321          16
        4322          11
        4323          17
        4324          12
        4325          17
        4326          15
        4327           7
        4328          21
        4329          19
        4330          14
        4331           8
        4332          19
        4333          19
        4334          21
        4335          18
        4336          14
        4337          11
        4338          21
        4339          13
        4340          15
        4341          14
        4342          15
        4343          18
        4344          16
        4345          19
        4346          16
        4347          15
        4348          13
        4349          14
        4350          21
        4351          12
        4352           9
        4353          10
        4354          19
        4355           5
        4356          11
        4357          10
        4358          14
        4359          20
        4360          13
        4361           8
        4362          15
        4363          25
        4364          14
        4365          13
        4366           6
        4367          15
        4368           7
        4369          14
        4370           8
        4371          10
        4372          10
        4373          11
        4374          14
        4375          16
        4376          19
        4377          13
        4378          15
        4379          14
        4380          16
        4381          10
        4382          16
        4383          20
        4384          12
        4385          12
        4386           9
        4387          16
        4388          11
        4389          15
        4390          13
        4391          13
        4392          16
        4393          10
        4394          11
        4395           9
        4396           5
        4397          10
        4398          22
        4399           7
        4400          14
        4401          12
        4402          10
        4403           5
        4404          13
        4405           9
        4406          13
        4407           8
        4408           8
        4409           6
        4410          17
        4411          12
        4412          16
        4413          11
        4414          18
        4415           6
        4416           7
        4417          11
        4418           9
        4419          10
        4420           9
        4421          10
        4422          14
        4423          10
        4424           5
        4425           9
        4426          14
        4427          10
        4428          12
        4429           9
        4430          17
        4431          12
        4432          11
        4433           8
        4434          11
        4435           8
        4436          10
        4437          11
        4438           7
        4439           5
        4440           7
        4441          15
        4442           9
        4443          11
        4444           8
        4445           8
        4446           5
        4447          22
        4448           4
        4449          10
        4450          12
        4451          15
        4452           5
        4453           5
        4454           9
        4455          11
        4456           3
        4457          10
        4458          15
        4459          12
        4460           9
        4461          11
        4462          10
        4463           7
        4464          12
        4465          13
        4466           7
        4467           6
        4468           9
        4469           8
        4470          16
        4471           7
        4472           9
        4473           1
        4474           4
        4475           7
        4476          13
        4477           9
        4478           9
        4479          12
        4480           5
        4481           9
        4482           4
        4483           7
        4484           8
        4485           5
        4486           0
        4487           9
        4488           9
        4489          14
        4490           4
        4491          10
        4492           9
        4493           8
        4494           4
        4495           6
        4496          10
        4497           7
        4498           8
        4499          11
        4500           9
        4501           4
        4502           2
        4503           5
        4504           6
        4505           8
        4506           7
        4507           9
        4508           9
        4509          11
        4510           6
        4511           9
        4512           2
        4513           9
        4514           8
        4515           8
        4516           8
        4517          10
        4518           7
        4519           6
        4520           6
        4521           9
        4522           3
        4523           6
        4524           7
        4525           5
        4526           5
        4527           2
        4528          11
        4529           8
        4530           4
        4531           6
        4532           6
        4533           2
        4534           0
        4535           2
        4536           3
        4537           3
        4538           3
        4539           4
        4540           5
        4541           4
        4542           3
        4543           4
        4544           5
        4545           5
        4546           7
        4547           4
        4548           8
        4549           5
        4550           1
        4551           2
        4552           2
        4553           5
        4554           4
        4555           2
        4556           3
        4557           5
        4558          11
        4559           3
        4560           5
        4561           3
        4562           7
        4563           4
        4564           6
        4565           3
        4566           1
        4567           9
        4568           1
        4569           6
        4570           3
        4571           6
        4572           1
        4573           5
        4574           3
        4575           1
        4576           2
        4577           7
        4578           7
        4579           5
        4580           1
        4581           7
        4582           1
        4583           5
        4584           3
        4585           4
        4586           3
        4587           3
        4588           3
        4589           4
        4590           3
        4591           6
        4592           3
        4593           3
        4594           4
        4595           4
        4596           2
        4597           2
        4598           0
        4599           3
        4600           3
        4601           3
        4602           3
        4603           1
        4604           2
        4605           2
        4606           3
        4607           3
        4608           2
        4609           4
        4610           1
        4611           2
        4612           1
        4613           0
        4614           3
        4615           0
        4616           0
        4617           1
        4618           1
        4619           0
        4620           2
        4621           0
        4622           2
        4623           1
        4624           0
        4625           3
        4626           1
        4627           0
        4628           0
        4629           0
        4630           1
        4631           1
        4632           1
        4633           0
        4634           0
        4635           0
        4636           0
        4637           0
        4638           1
        4639           0
        4640           0
        4641           0
        4642           1
        4643           0
        4644           0
        4645           0
