        2321          97
        2322         122
        2323         116
        2324         119
        2325         113
        2326         112
        2327         109
        2328         145
        2329         121
        2330         116
        2331         103
        2332         120
        2333         114
        2334         109
        2335          90
        2336         124
        2337         111
        2338         113
        2339          71
        2340          92
        2341         101
        2342          93
        2343         113
        2344         103
        2345         120
        2346         120
        2347         106
        2348         120
        2349         125
        2350         110
        2351         102
        2352          93
        2353         108
        2354         118
        2355         108
        2356          94
        2357         121
        2358         118
        2359         101
        2360          85
        2361         110
        2362         115
        2363         108
        2364         106
        2365          95
        2366         120
        2367         125
        2368         117
        2369          80
        2370         106
        2371         114
        2372          98
        2373         108
        2374         135
        2375         111
        2376         102
        2377         102
        2378          96
        2379         104
        2380         112
        2381         125
        2382         103
        2383          86
        2384         111
        2385         123
        2386          39
        2387         122
        2388         113
        2389         108
        2390         119
        2391         109
        2392          91
        2393         109
        2394          78
        2395         109
        2396         113
        2397         107
        2398         112
        2399         119
        2400         118
        2401         103
        2402         106
        2403         109
        2404         107
        2405         115
        2406         123
        2407          80
        2408         107
        2409          90
        2410          87
        2411         108
        2412         108
        2413          79
        2414         113
        2415         100
        2416          94
        2417          87
        2418          89
        2419         115
        2420          98
        2421         134
        2422          95
        2423         115
        2424         111
        2425         117
        2426          84
        2427         107
        2428         127
        2429         111
        2430         101
        2431         116
        2432         105
        2433          98
        2434         108
        2435          80
        2436          99
        2437         113
        2438         112
        2439         121
        2440         102
        2441         106
        2442         107
        2443         105
        2444         128
        2445          79
        2446         100
        2447         113
        2448          81
        2449         114
        2450          96
        2451         118
        2452         107
        2453         127
        2454         115
        2455         109
        2456         111
        2457         116
        2458         118
        2459         104
        2460         118
        2461         109
        2462          94
        2463          96
        2464         113
        2465         120
        2466          72
        2467          85
        2468         109
        2469         112
        2470         108
        2471          72
        2472         110
        2473          98
        2474         117
        2475         115
        2476          95
        2477         107
        2478          97
        2479         100
        2480         115
        2481         105
        2482         115
        2483          89
        2484         112
        2485         101
        2486         101
        2487          69
        2488          83
        2489          97
        2490         103
        2491         108
        2492         119
        2493         109
        2494          95
        2495         106
        2496         107
        2497          87
        2498         117
        2499         119
        2500          99
        2501         108
        2502          84
        2503          92
        2504         112
        2505         101
        2506         106
        2507          74
        2508         121
        2509          92
        2510          99
        2511         119
        2512         106
        2513         107
        2514         113
        2515         104
        2516          96
        2517         104
        2518          98
        2519         106
        2520          97
        2521         101
        2522          94
        2523         125
        2524          74
        2525         104
        2526         115
        2527         106
        2528         118
        2529          99
        2530         109
        2531          93
        2532         119
        2533          95
        2534          96
        2535         125
        2536          95
        2537         117
        2538          93
        2539          92
        2540          86
        2541          97
        2542         104
        2543          97
        2544          86
        2545          89
        2546         101
        2547          98
        2548          93
        2549          79
        2550         103
        2551         104
        2552          97
        2553          89
        2554         104
        2555         101
        2556          95
        2557         116
        2558         100
        2559          96
        2560         101
        2561          69
        2562          95
        2563         106
        2564          88
        2565          93
        2566         104
        2567          95
        2568         104
        2569          93
        2570          93
        2571         101
        2572          85
        2573         110
        2574         105
        2575          82
        2576          92
        2577          91
        2578          89
        2579          93
        2580         105
        2581          69
        2582         106
        2583         102
        2584          79
        2585          99
        2586         107
        2587         104
        2588          91
        2589         117
        2590         105
        2591          88
        2592          88
        2593         108
        2594         103
        2595         101
        2596          89
        2597          92
        2598          95
        2599         119
        2600          69
        2601         109
        2602          82
        2603         101
        2604          85
        2605          84
        2606          81
        2607         104
        2608         105
        2609         104
        2610         108
        2611          99
        2612          95
        2613         110
        2614          98
        2615         113
        2616         117
        2617          96
        2618          93
        2619         119
        2620         103
        2621          93
        2622          90
        2623          95
        2624          93
        2625          67
        2626          91
        2627         102
        2628         105
        2629         101
        2630         112
        2631          97
        2632         107
        2633          79
        2634          85
        2635          97
        2636          63
        2637          75
        2638          93
        2639         101
        2640          97
        2641          65
        2642         110
        2643          86
        2644         110
        2645          96
        2646          83
        2647         101
        2648         106
        2649          89
        2650          93
        2651         104
        2652         100
        2653         101
        2654          89
        2655         102
        2656         101
        2657         104
        2658          85
        2659          92
        2660          95
        2661         105
        2662          99
        2663          95
        2664          94
        2665          90
        2666          89
        2667         100
        2668          92
        2669          95
        2670          92
        2671          82
        2672          88
        2673          96
        2674          66
        2675         109
        2676          92
        2677         109
        2678          71
        2679          90
        2680          80
        2681         115
        2682          92
        2683         105
        2684          86
        2685          98
        2686         103
        2687          61
        2688         103
        2689          61
        2690          69
        2691          89
        2692         100
        2693          65
        2694          96
        2695         105
        2696         110
        2697          68
        2698          88
        2699          81
        2700          77
        2701          84
        2702          96
        2703          90
        2704          91
        2705          87
        2706          97
        2707          90
        2708         104
        2709          84
        2710          71
        2711         101
        2712          86
        2713          79
        2714          95
        2715          88
        2716         108
        2717          98
        2718          93
        2719          96
        2720          91
        2721          83
        2722          94
        2723          77
        2724          95
        2725         100
        2726          96
        2727         107
        2728         100
        2729          82
        2730          89
        2731         113
        2732          97
        2733          94
        2734          96
        2735         101
        2736         101
        2737          93
        2738          84
        2739         101
        2740         107
        2741         110
        2742          85
        2743          92
        2744          77
        2745          91
        2746          92
        2747          97
        2748          98
        2749          91
        2750          93
        2751          75
        2752         104
        2753          94
        2754          98
        2755         105
        2756          69
        2757          69
        2758          81
        2759          83
        2760          49
        2761          96
        2762          93
        2763          80
        2764          88
        2765         100
        2766         106
        2767          96
        2768          82
        2769          98
        2770          95
        2771          81
        2772          92
        2773          73
        2774          92
        2775          68
        2776          85
        2777          95
        2778          92
        2779         100
        2780          86
        2781          67
        2782         101
        2783          95
        2784          58
        2785          92
        2786          96
        2787          90
        2788          91
        2789         100
        2790          66
        2791          78
        2792         105
        2793          87
        2794         111
        2795          94
        2796         106
        2797         101
        2798          92
        2799          93
        2800          87
        2801          70
        2802          73
        2803          99
        2804          98
        2805          94
        2806          97
        2807          85
        2808         103
        2809         100
        2810          86
        2811          78
        2812         113
        2813         103
        2814          91
        2815          68
        2816          58
        2817          87
        2818          84
        2819          80
        2820          80
        2821         101
        2822          92
        2823          95
        2824          92
        2825          78
        2826          86
        2827          98
        2828          59
        2829          92
        2830          86
        2831          87
        2832          92
        2833          95
        2834          68
        2835          92
        2836          94
        2837          89
        2838         106
        2839          71
        2840          91
        2841          53
        2842          86
        2843          79
        2844          87
        2845          67
        2846          88
        2847          89
        2848          80
        2849          75
        2850          96
        2851          85
        2852          71
        2853          75
        2854          84
        2855          88
        2856          93
        2857         100
        2858          75
        2859          91
        2860          76
        2861         102
        2862          84
        2863          85
        2864          59
        2865          88
        2866          86
        2867          90
        2868          87
        2869          89
        2870          90
        2871          89
        2872          72
        2873          87
        2874          86
        2875          79
        2876          90
        2877          84
        2878          98
        2879          71
        2880          97
        2881          69
        2882          76
        2883          95
        2884          83
        2885          85
        2886          85
        2887          68
        2888          88
        2889          82
        2890          76
        2891          68
        2892          66
        2893          75
        2894          87
        2895          95
        2896          93
        2897          98
        2898          78
        2899          85
        2900          75
        1434         150
        1435         163
        1436         176
        1437         161
        1438          91
        1439         139
        1440         159
        1441         163
        1442         160
        1443         161
        1444         154
        1445         170
        1446         138
        1447         164
        1448         155
        1449         150
        1450         158
        1451         159
        1452         137
        1453         146
        1454         161
        1455         147
        1456         152
        1457         160
        1458         160
        1459         120
        1460         161
        1461         159
        1462         172
        1463         129
        1464         156
        1465         164
        1466         158
        1467         164
        1468         174
        1469         136
        1470         160
        1471         154
        1472         160
        1473         156
        1474         153
        1475         147
        1476         155
        1477         166
        1478         161
        1479         144
        1480         153
        1481         164
        1482         169
        1483         161
        1484         157
        1485         167
        1486         147
        1487         162
        1488         161
        1489         143
        1490         104
        1491         157
        1492         127
        1493         159
        1494         159
        1495         160
        1496         164
        1497         143
        1498         154
        1499         152
        1500         158
        1501         160
        1502         161
        1503         149
        1504         168
        1505         159
        1506         162
        1507         137
        1508         161
        1509         162
        1510         144
        1511         164
        1512         129
        1513         157
        1514         141
        1515         130
        1516         155
        1517         117
        1518         144
        1519         149
        1520         162
        1521         157
        1522         157
        1523         154
        1524         150
        1525         147
        1526         160
        1527         147
        1528         130
        1529         100
        1530         158
        1531         154
        1532         154
        1533         136
        1534         162
        1535         149
        1536         112
        1537         148
        1538         166
        1539         139
        1540         148
        1541         158
        1542         161
        1543         153
        1544         153
        1545         156
        1546         169
        1547         141
        1548         148
        1549         150
        1550         153
        1551         144
        1552         166
        1553         143
        1554         141
        1555         140
        1556         144
        1557         163
        1558         156
        1559         170
        1560         103
        1561         148
        1562         159
        1563         147
        1564         148
        1565         155
        1566         152
        1567         113
        1568         155
        1569         160
        1570         155
        1571         125
        1572         141
        1573         146
        1574         141
        1575         156
        1576         165
        1577         165
        1578         160
        1579         144
        1580         141
        1581         116
        1582          64
        1583         152
        1584         162
        1585         155
        1586         150
        1587         112
        1588         140
        1589         144
        1590         139
        1591         154
        1592         129
        1593         144
        1594         158
        1595         143
        1596         147
        1597         153
        1598         144
        1599         109
        1600         166
        1601         146
        1602         160
        1603         147
        1604         131
        1605         161
        1606         157
        1607         124
        1608         155
        1609         151
        1610         130
        1611         151
        1612         156
        1613         150
        1614         141
        1615         150
        1616         142
        1617         116
        1618         163
        1619         134
        1620         160
        1621         141
        1622         148
        1623         124
        1624         143
        1625         151
        1626         151
        1627         158
        1628         157
        1629         129
        1630         147
        1631         144
        1632         156
        1633         126
        1634         136
        1635         161
        1636         153
        1637         154
        1638         146
        1639         156
        1640         147
        1641         154
        1642         146
        1643         101
        1644         145
        1645         134
        1646         115
        1647         154
        1648         138
        1649         112
        1650         145
        1651         143
        1652         151
        1653         149
        1654         139
        1655          88
        1656         131
        1657         143
        1658         154
        1659         119
        1660         147
        1661         157
        1662         134
        1663          58
        1664         150
        1665         149
        1666         121
        1667         160
        1668         143
        1669         137
        1670         136
        1671         144
        1672         149
        1673         141
        1674         138
        1675         134
        1676         130
        1677         153
        1678         140
        1679         128
        1680         143
        1681         157
        1682         138
        1683         148
        1684         147
        1685         134
        1686         137
        1687         135
        1688         146
        1689         151
        1690         111
        1691         156
        1692         122
        1693         163
        1694         110
        1695         145
        1696         149
        1697         152
        1698         137
        1699         123
        1700         135
        1701         152
        1702          89
        1703         157
        1704         145
        1705         116
        1706         141
        1707         139
        1708         147
        1709         139
        1710         144
        1711         144
        1712         147
        1713         157
        1714         110
        1715         111
        1716         138
        1717         142
        1718         123
        1719         137
        1720         149
        1721         150
        1722         146
        1723         141
        1724         143
        1725         138
        1726         154
        1727         106
        1728         142
        1729         142
        1730         156
        1731         123
        1732         124
        1733         134
        1734         142
        1735         131
        1736         153
        1737         150
        1738         127
        1739         142
        1740         105
        1741         137
        1742         110
        1743         141
        1744          90
        1745         149
        1746         130
        1747         140
        1748         157
        1749         139
        1750         140
        1751         135
        1752          92
        1753         157
        1754         136
        1755         147
        1756         143
        1757         137
        1758         133
        1759         145
        1760         144
        1761         134
        1762         133
        1763         145
        1764         124
        1765         140
        1766         145
        1767         132
        1768         137
        1769          96
        1770         127
        1771         140
        1772         156
        1773         161
        1774         134
        1775         128
        1776         152
        1777         125
        1778         133
        1779         147
        1780         129
        1781         142
        1782         127
        1783         139
        1784         144
        1785         142
        1786         134
        1787         130
        1788         141
        1789         146
        1790         131
        1791         142
        1792         129
        1793         130
        1794         151
        1795         141
        1796         132
        1797         128
        1798         123
        1799         161
        1800         134
        1801         135
        1802         141
        1803         131
        1804          98
        1805         145
        1806         115
        1807         146
        1808         139
        1809         123
        1810         138
        1811         128
        1812          90
        1813         154
        1814         127
        1815         148
        1816         101
        1817         140
        1818         139
        1819         119
        1820         101
        1821         145
        1822         144
        1823         150
        1824         138
        1825         109
        1826         118
        1827         131
        1828         125
        1829         152
        1830         140
        1831         114
        1832         142
        1833         105
        1834         103
        1835         138
        1836         135
        1837         129
        1838         110
        1839         141
        1840         135
        1841         150
        1842         156
        1843         130
        1844         135
        1845         138
        1846         150
        1847         140
        1848         118
        1849         104
        1850         156
        1851         116
        1852         123
        1853         148
        1854         144
        1855         132
        1856         147
        1857         136
        1858         105
        1859         141
        1860         142
        1861         143
        1862         123
        1863         144
        1864         139
