           1         230
           2         228
           3         226
           4         227
           5         223
           6         241
           7         224
           8         234
           9         223
          10         235
          11         233
          12         233
          13         232
          14         220
          15         225
          16         224
          17         224
          18         214
          19         226
          20         214
          21         215
          22         221
          23         214
          24         213
          25         218
          26         211
          27         216
          28         219
          29         230
          30         229
          31         235
          32         228
          33         216
          34         215
          35         215
          36         209
          37         209
          38         212
          39         218
          40         222
          41         227
          42         213
          43         226
          44         229
          45         214
          46         217
          47         215
          48         219
          49         214
          50         209
          51         209
          52         207
          53         209
          54         203
          55         202
          56         206
          57         200
          58         210
          59         207
          60         210
          61         211
          62         211
          63         209
          64         211
          65         209
          66         208
          67         204
          68         197
          69         194
          70         190
          71         188
          72         187
          73         189
          74         188
          75         184
          76         182
          77         183
          78         174
          79         169
          80         172
          81         172
          82         168
          83         173
          84         173
          85         173
          86         174
          87         177
          88         161
          89         161
          90         164
          91         166
          92         173
          93         175
          94         166
          95         169
          96         168
          97         168
          98         165
          99         173
         100         162
         101         177
         102         179
         103         189
         104         184
         105         189
         106         187
         107         178
         108         188
         109         186
         110         183
         111         179
         112         190
         113         194
         114         199
         115         200
         116         199
         117         195
         118         196
         119         195
         120         189
         121         202
         122         199
         123         196
         124         191
         125         199
         126         190
         127         197
         128         202
         129         192
         130         195
         131         188
         132         195
         133         201
         134         193
         135         189
         136         192
         137         205
         138         192
         139         192
         140         194
         141         201
         142         211
         143         205
         144         213
         145         211
         146         219
         147         217
         148         183
         149         184
         150         180
         151         189
         152         191
         153         171
         154         182
         155         172
         156         191
         157         189
         158         200
         159         200
         160         202
         161         202
         162         189
         163         186
         164         193
         165         194
         166         194
         167         183
         168         172
         169         161
         170         149
         171         157
         172         149
         173         152
         174         145
         175         167
         176         168
         177         179
         178         184
         179         191
         180         175
         181         176
         182         172
         183         180
         184         171
         185         175
         186         170
         187         168
         188         158
         189         147
         190         149
         191         135
         192         173
         193         166
         194         171
         195         168
         196         161
         197         162
         198         153
         199         148
         200         135
         201         151
         202         139
         203         154
         204         141
         205         152
         206         157
         207         164
         208         177
         209         187
         210         163
         211         153
         212         161
         213         149
         214         133
         215         134
         216         129
         217         172
         218         182
         219         170
         220         191
         221         183
         222         175
         223         186
         224         192
         225         181
         226         184
         227         176
         228         191
         229         171
         230         184
         231         172
         232         193
         233         198
         234         203
         235         199
         236         189
         237         209
         238         213
         239         190
         240         195
         241         184
         242         180
         243         165
         244         168
         245         156
         246         150
         247         138
         248         185
         249         187
         250         187
         251         187
         252         202
         253         188
         254         202
         255         206
         256         203
         257         200
         258         201
         259         198
         260         190
         261         187
         262         200
         263         191
         264         199
         265         208
         266         196
         267         182
         268         182
         269         167
         270         181
         271         172
         272         161
         273         142
         274         156
         275         182
         276         183
         277         194
         278         184
         279         194
         280         196
         281         219
         282         211
         283         223
         284         215
         285         217
         286         220
         287         219
         288         225
         289         204
         290         204
         291         199
         292         203
         293         213
         294         211
         295         196
         296         198
         297         189
         298         190
         299         181
         300         180
         301         176
         302         186
         303         183
         304         179
         305         186
         306         170
         307         180
         308         168
         309         183
         310         183
         311         192
         312         196
         313         197
         314         178
         315         183
         316         187
         317         179
         318         156
         319         185
         320         201
         321         183
         322         195
         323         181
